   0.00000    -3.70    0.00350     5.50   -0.01960     -7.30     0.03910     -5.90
   0.14760   -11.90    0.14200    -2.60    0.12990      7.80     0.17170     11.40
   0.41420   -17.40    0.40790    -8.40    0.38220      3.00     0.45820      5.80
   0.54840   -18.10    0.53230    -8.10    0.51140      2.50     0.57820      6.00
   0.78550   -18.30    0.77720    -8.80    0.76000      2.00     0.82020      5.70
   0.95770   -17.70    0.93610    -9.00    0.90510      2.50     0.96790      6.20
   1.20170   -18.00    1.18220    -8.70    1.15970      2.00     1.22060      5.20
   1.32820   -17.90    1.31630    -8.90    1.28450      2.00     1.34880      6.30
   1.56830   -17.20    1.56400    -8.70    1.52510      2.60     1.58520      6.60
   1.70980   -16.10    1.68100    -7.80    1.64790      3.00     1.72240      6.60
   1.96550   -17.90    1.95520    -8.60    1.93190      2.30     1.98730      6.80
   2.11370   -16.90    2.09190    -8.80    2.07280      2.20     2.12090      6.50
   2.34480   -16.80    2.34170    -8.60    2.32830      1.80     2.38140      6.10
   2.51630   -16.40    2.49750    -8.60    2.47090      1.90     2.50850      6.00
   2.74910   -16.60    2.73770    -9.20    2.73730      3.40     2.77370      4.50
   2.90250   -16.20    2.90780    -9.40    2.87420      3.90     2.91040      5.20
   3.13200   -16.50    3.11030    -9.80    3.11470      3.40     3.13660      5.80
   3.27530   -17.00    3.26500   -10.60    3.24700      2.70     3.30240      5.90
   3.52750   -16.80    3.53160    -9.10    3.50220      3.20     3.55350      6.40
   3.67310   -16.50    3.65180    -8.80    3.63970      3.30     3.69570      6.60
   3.89710   -16.70    3.90470    -8.50    3.88550      2.50     3.94220      6.80
   4.06550   -16.10    4.06560    -8.90    4.04680      1.90     4.08610      6.30
   4.29460   -15.40    4.29630    -8.80    4.25890      1.40     4.34030      6.70
   4.43420   -15.50    4.42550    -8.00    4.38480      2.00     4.46020      6.40
   4.70150   -16.00    4.71440    -8.10    4.69080      2.60     4.73670      6.10
   4.86810   -14.90    4.85340    -8.50    4.81780      2.10     4.86910      5.40
   5.08840   -15.50    5.09090    -8.70    5.06760      1.10     5.11250      5.80
   5.21950   -14.60    5.21340    -8.90    5.18140      1.40     5.23450      5.90
   5.43280   -14.30    5.43420    -9.40    5.43180      2.50     5.48090      5.50
   5.60040   -13.80    5.57070    -8.40    5.55620      2.70     5.59660      5.80
   5.83650   -14.80    5.83910    -9.20    5.81690      2.60     5.86050      6.30
   6.01670   -15.00    6.00190    -9.20    5.96720      2.50     6.01620      6.70
   6.25470   -15.30    6.24420    -9.00    6.19390      2.90     6.26770      5.50
   6.37900   -15.30    6.38930    -8.90    6.32960      2.50     6.38880      6.00
   6.61840   -15.10    6.61790    -8.40    6.59640      2.00     6.64370      5.50
   6.77410   -14.30    6.77930    -9.00    6.72240      2.50     6.79530      5.60
   6.99640   -13.40    6.99970    -8.00    6.93820      1.90     7.02860      5.80
   7.14380   -13.20    7.14760    -8.80    7.09800      2.70     7.16350      5.10
   7.39780   -13.50    7.37560    -8.30    7.35570      2.50     7.39300      5.40
   7.57080   -12.20    7.55270    -7.90    7.51450      2.60     7.58890      5.90
   7.77560   -13.10    7.75150    -8.70    7.71940      1.00     7.80400      6.00
   7.91790   -13.00    7.89430    -9.50    7.84510      1.60     7.92900      6.40
   8.18070   -13.10    8.16370    -8.20    8.11390      2.20     8.20430      5.70
   8.28740   -12.40    8.26600    -8.70    8.23340      2.20     8.30420      5.30
   8.53310   -11.60    8.52350    -9.40    8.49910      2.40     8.55980      5.00
   8.68330   -13.00    8.65660    -8.50    8.62280      2.90     8.68770      5.10
   8.91290   -12.40    8.90780    -8.50    8.85310      1.30     8.94460      5.60
   9.08130   -11.60    9.04740    -8.50    9.02710      2.50     9.10110      5.80
   9.35510   -12.60    9.35840    -9.60    9.33180      1.80     9.38540      5.90
   9.57670   -12.50    9.57400    -8.90    9.53340      2.10     9.59890      6.00
   9.76100   -11.80    9.74000    -8.80    9.69850      2.10     9.77300      5.00
   9.90640   -11.60    9.89390    -8.00    9.84860      1.90     9.91670      4.30
  10.15220   -11.20   10.15460    -8.10   10.10440      2.40    10.17080      5.90
  10.29150   -11.90   10.28020    -7.90   10.24580      1.00    10.29540      4.70
  10.51340   -11.70   10.50970    -7.90   10.48810      1.90    10.53360      4.40
  10.66540   -10.80   10.63500    -8.80   10.61570      1.00    10.67810      4.10
  10.93600   -11.00   10.91860    -7.70   10.90030      2.20    10.95930      4.30
  11.09130   -11.10   11.06470    -9.10   11.03350      2.00    11.10590      5.30
  11.42230   -11.00   11.40340    -8.40   11.37590      2.80    11.44010      5.40
  11.44100   -10.50   11.43700    -8.50   11.40030      2.60    11.46670      5.20
  11.71730   -10.80   11.71680    -9.40   11.67060      1.90    11.76660      5.80
  11.89910   -10.30   11.88800    -8.90   11.84060      2.70    11.92190      4.70
  12.14090   -10.00   12.14300    -9.60   12.10360      2.10    12.16100      4.80
  12.23090   -10.10   12.23760    -8.40   12.19200      2.70    12.25760      4.80
  12.46980   -11.30   12.48410    -9.40   12.43190      3.10    12.48890      4.60
  12.59460    -9.80   12.59680    -8.30   12.56760      2.90    12.62950      4.70
  12.86080   -10.00   12.87530    -8.30   12.82470      2.30    12.87630      5.50
  12.97520    -9.50   12.98760    -7.60   12.95330      2.60    13.00240      5.00
  13.24400    -9.00   13.25410    -9.00   13.21350      2.40    13.26380      5.70
  13.40470    -9.30   13.40480    -8.30   13.36120      3.30    13.42780      6.00
  13.63690    -6.70   13.62060    -8.90   13.59830      2.70    13.64610      5.60
  13.76310    -8.40   13.77610    -8.40   13.71120      2.80    13.77950      5.60
  14.00290    -8.90   14.00630    -8.50   13.96120      2.60    14.01900      5.00
  14.10770    -8.30   14.09020    -9.10   14.02720      2.50    14.07540      5.10
  14.38300    -9.50   14.37160    -8.20   14.32890      2.50    14.39690      4.50
  14.48880    -9.30   14.47540    -8.60   14.42110      2.90    14.49400      4.40
  14.77220    -9.60   14.77180    -8.30   14.73900      2.10    14.79190      2.90
  14.87110   -10.00   14.88050    -8.40   14.82440      2.30    14.88090      3.20
  15.15520    -9.10   15.14050    -8.60   15.10560      2.30    15.18950      3.70
  15.31090    -8.90   15.30880    -9.20   15.24520      1.80    15.31840      4.10
  15.54300    -9.20   15.56680    -9.00   15.50320      2.00    15.56480      4.30
  15.67460    -9.40   15.68330    -9.30   15.63960      1.20    15.68240      4.80
  15.90390    -8.70   15.92990    -9.20   15.90010      1.90    15.94950      5.40
  16.09420    -9.10   16.09970    -8.00   16.04840      2.50    16.09130      6.10
  16.33340    -9.60   16.34420    -8.50   16.29400      3.00    16.36560      5.70
  16.45380    -8.70   16.44630    -8.90   16.41090      2.10    16.44840      4.30
  16.70330    -8.10   16.71860    -9.30   16.67100      4.30    16.72340      4.70
  16.87470    -7.80   16.85250    -9.00   16.81520      3.90    16.87970      3.90
  17.15520    -8.00   17.13790    -8.70   17.09560      3.50    17.16790      5.40
  17.24930    -7.40   17.24440    -7.90   17.20490      3.10    17.25570      4.60
  17.51430    -8.00   17.50860    -8.00   17.46510      4.10    17.53410      5.40
  17.64430    -8.30   17.64190    -8.20   17.57290      3.10    17.65430      4.30
  17.89100    -7.50   17.86860    -9.40   17.83080      2.30    17.91410      5.80
  18.03130    -7.70   17.98410    -8.60   17.94520      2.90    18.01240      5.20
  18.26850    -8.90   18.24980    -8.70   18.22430      3.40    18.28830      4.40
  18.42340    -8.20   18.40690    -8.80   18.38000      2.30    18.42770      4.90
  18.68380    -7.80   18.68160    -8.80   18.65260      2.70    18.71580      5.30
  18.75050    -8.20   18.74350    -8.70   18.70640      3.20    18.77970      5.10
  19.01690    -7.50   19.02900    -8.50   18.98720      3.60    19.05330      4.70
  19.15710    -7.20   19.14980    -9.40   19.09770      3.20    19.16250      4.30
  19.42560    -6.80   19.44100    -9.60   19.40300      2.10    19.45920      5.50
  19.56440    -7.50   19.55520    -9.10   19.51420      2.50    19.58400      4.60
  19.80630    -7.60   19.83850    -9.40   19.80640      2.50    19.84310      4.90
  19.98810    -8.30   19.99840    -8.60   19.94800      2.30    19.99590      4.70
  20.23180    -7.60   20.24690    -8.70   20.20280      3.00    20.24590      4.00
  20.35330    -7.10   20.34790    -8.80   20.30140      1.70    20.35940      4.20
  20.60820    -7.00   20.62850    -8.60   20.58100      2.90    20.63640      4.50
  20.77520    -6.70   20.76790    -8.90   20.71850      3.00    20.78820      5.30
  20.99080    -7.80   21.00550    -9.70   20.95820      2.90    21.03160      5.50
  21.12530    -6.70   21.14110    -8.30   21.09380      2.30    21.13400      5.20
  21.37330    -6.50   21.39350    -9.00   21.35540      3.60    21.41350      4.70
  21.52230    -6.10   21.53580    -9.60   21.47530      3.10    21.54840      4.70
  21.81110    -6.10   21.80360    -9.70   21.76000      3.20    21.83210      3.90
  21.92560    -6.20   21.91520    -8.50   21.86160      3.20    21.92570      4.50
  22.16430    -6.50   22.18090    -8.40   22.15060      3.10    22.20820      4.20
  22.29680    -6.70   22.32480    -9.60   22.27750      2.60    22.30880      3.90
  22.56230    -6.40   22.56760    -8.50   22.54860      2.20    22.58560      3.90
  22.66380    -6.50   22.67480    -9.00   22.65140      2.50    22.68010      4.40
  22.93470    -6.40   22.95920    -8.50   22.92820      1.70    22.96180      3.50
  23.08070    -5.50   23.08980    -8.70   23.04510      1.20    23.08770      5.20
  23.32990    -6.30   23.35870    -9.30   23.31530      1.60    23.38060      5.10
  23.46750    -5.50   23.47310    -8.50   23.41680      2.40    23.48610      5.20
  23.69260    -6.10   23.71920    -9.50   23.67970      1.40    23.72720      4.80
  23.83380    -6.40   23.85600    -9.20   23.80670      2.90    23.84050      5.00
  24.11930    -7.00   24.12240    -8.60   24.09240      1.50    24.15530      4.90
  24.24230    -7.10   24.22710    -9.80   24.18040      1.20    24.25050      4.70
  24.48110    -6.70   24.49300    -9.20   24.44720      4.20    24.52140      4.80
  24.67310    -6.00   24.64960    -9.40   24.61190      1.20    24.65780      4.20
  24.93550    -5.80   24.91190    -9.10   24.88800      2.90    24.96090      4.40
  25.03430    -5.70   25.00700    -8.40   24.96030      2.10    25.02500      5.10
  25.29960    -5.60   25.28850    -9.60   25.25110      2.80    25.31480      5.00
  25.43710    -6.00   25.42240    -9.60   25.38320      1.70    25.43650      4.70
  25.68350    -5.30   25.68460    -9.80   25.66360      0.90    25.71190      4.90
  25.82130    -5.50   25.79650    -8.90   25.77420      1.70    25.82460      5.70
  26.05520    -5.70   26.05060    -9.20   26.02060      4.80    26.06920      5.00
  26.21620    -5.10   26.19690    -9.00   26.16710      1.40    26.21310      4.90
  26.45730    -5.10   26.44630    -8.60   26.41930      1.00    26.47370      3.90
  26.57920    -4.60   26.56630    -8.40   26.53970      3.00    26.58600      5.00
  26.84780    -4.90   26.83420    -9.40   26.82830      3.30    26.86130      5.20
  27.00010    -5.10   26.98980    -8.90   26.96220      3.30    27.01490      5.00
  27.22380    -4.70   27.22330   -10.10   27.20770      2.60    27.25610      4.70
  27.38440    -3.60   27.34990   -10.10   27.34010      2.70    27.39220      5.30
  27.62520    -5.30   27.59170   -10.20   27.59320      2.20    27.64380      4.20
  27.75320    -4.70   27.73520    -9.90   27.71760      2.80    27.76430      5.40
  28.01160    -4.40   27.98580    -9.40   27.98480      0.90    28.02500      4.20
  28.12240    -5.00   28.09930    -9.40   28.10340      2.50    28.13170      4.30
  28.41150    -4.90   28.39250    -9.70   28.39210      0.90    28.41970      4.80
  28.54200    -5.00   28.52310    -9.00   28.52130      1.50    28.54190      4.50
  28.79820    -3.70   28.75870    -9.20   28.78010      2.20    28.82080      5.20
  28.92210    -3.00   28.90560    -8.50   28.89870      2.30    28.92770      5.40
  29.18020    -3.80   29.17240    -8.90   29.16950      2.70    29.19170      4.70
  29.31840    -4.60   29.28910    -9.00   29.29450      2.50    29.33400      5.30
  29.57140    -3.90   29.57460    -8.90   29.56210      2.60    29.58150      4.30
  29.69340    -4.70   29.68380    -9.00   29.65680      4.00    29.68200      3.30
  29.92790    -4.30   29.92750    -9.80   29.92290      4.10    29.94550      3.90
  30.07950    -3.90   30.06200    -9.50   30.06520      2.50    30.08450      4.70
  30.33090    -4.60   30.32960    -9.50   30.31870      3.00    30.36110      4.50
  30.46750    -4.50   30.46200   -10.50   30.42970      2.30    30.46650      6.00
  30.72260    -4.20   30.72400    -9.50   30.71060      3.00    30.73710      4.70
  30.89940    -4.70   30.87660    -9.60   30.86490      1.50    30.88170      4.30
  31.11520    -4.00   31.11820    -9.40   31.08960      1.60    31.12010      3.50
  31.24950    -4.60   31.24200    -9.70   31.20720      1.10    31.23700      4.40
  31.48800    -4.30   31.49370    -8.00   31.48580      2.40    31.50580      3.90
  31.62890    -4.60   31.61290    -9.90   31.58770      2.00    31.61400      3.70
  31.93030    -4.20   31.91780    -9.40   31.91460      2.40    31.92910      4.30
  32.02570    -4.60   32.01130    -9.30   31.99050      2.10    32.00480      3.50
  32.30110    -3.90   32.29980    -5.90   32.28050      3.00    32.29040      3.60
  32.43760    -3.10   32.44400    -9.80   32.42690      2.30    32.44170      3.80
  32.72470    -4.20   32.71900   -10.50   32.70030      1.80    32.71350      4.90
  32.82750    -4.50   32.82580    -8.70   32.80930      2.10    32.82550      4.50
  33.07760    -4.90   33.07240    -9.50   33.05110      2.10    33.06710      4.70
  33.19480    -5.10   33.20380   -10.40   33.16430      1.00    33.17900      3.50
  33.47060    -4.20   33.45810    -9.40   33.45060      1.70    33.46160      4.50
  33.56850    -3.70   33.56990   -10.20   33.53100      2.10    33.55820      4.60
  33.84910    -3.20   33.83000    -9.20   33.82640      2.30    33.84680      4.20
  34.01370    -4.20   33.99890    -9.40   33.99460      2.50    33.98900      4.20
  34.26070    -4.00   34.24710    -9.50   34.25710      2.20    34.25370      4.00
  34.33950    -3.80   34.32610    -9.80   34.31060      3.20    34.34631      3.80
  34.64450    -5.20   34.62700    -8.50   34.62280      3.20    34.65231      4.10
  34.76051    -5.60   34.77060    -9.10   34.74480      2.70    34.75171      3.40
  35.04831    -6.30   35.04670    -9.60   35.03280      2.00    35.05820      3.70
  35.14590    -5.10   35.13710    -9.70   35.13130      2.60    35.14901      3.30
  35.40310    -5.90   35.42680    -9.10   35.40450      1.70    35.42661      3.30
  35.58970    -4.20   35.58550    -9.50   35.55740      1.80    35.58371      4.20
  35.83180    -5.40   35.83130    -9.30   35.83010      1.30    35.82651      3.40
  35.96100    -5.40   35.95720    -9.90   35.93560      2.20    35.95581      3.70
  36.21420    -6.60   36.23210    -9.20   36.20921      1.10    36.22011      3.90
  36.37230    -5.40   36.37070    -8.50   36.35031      1.50    36.35251      4.10
  36.60290    -5.80   36.61630   -10.20   36.58921      1.80    36.61491      3.40
  36.70370    -5.70   36.70990    -9.50   36.67951      1.70    36.70641      3.60
  36.95520    -6.10   36.96670    -9.40   36.93691      1.40    36.99281      3.50
  37.13170    -5.40   37.14370    -9.20   37.09251      1.10    37.11161      3.30
  37.39620    -6.10   37.39880    -8.40   37.37251      1.30    37.41011      4.20
  37.51890    -5.90   37.50570    -8.50   37.47071      2.10    37.50391      3.70
  37.76270    -7.60   37.75250    -9.00   37.73641      1.20    37.77191      4.30
  37.91530    -6.60   37.89150    -8.50   37.86251      0.60    37.90401      4.50
  38.16790    -6.70   38.15530    -9.40   38.11841      1.50    38.17611      4.60
  38.28250    -7.00   38.27040    -9.20   38.23621      1.50    38.28501      4.60
  38.54210    -6.40   38.53430    -8.80   38.50331      2.00    38.55821      4.80
  38.68090    -5.90   38.68160    -9.40   38.65582      2.40    38.68461      3.80
  38.97490    -7.10   38.97340    -9.00   38.92662      1.60    38.96761      4.10
  39.07270    -7.00   39.06231   -10.00   39.02922      1.00    39.07801      5.50
  39.33521    -7.00   39.34871    -9.10   39.30462      1.90    39.34731      5.00
  39.49440    -6.70   39.48830    -9.40   39.44952      0.80    39.49361      5.10
  39.73200    -6.50   39.74290    -9.00   39.68851      1.00    39.74091      4.30
  39.83620    -7.00   39.82940    -8.90   39.79002      0.60    39.83851      4.00
  40.07450    -6.60   40.08890    -9.50   40.04882      0.90    40.11031      4.90
  40.25090    -6.60   40.24060    -9.20   40.20462      1.70    40.23601      3.60
  40.52860    -7.00   40.53710    -8.90   40.49372      0.00    40.52371      4.60
  40.64410    -7.00   40.62070    -8.40   40.58652      0.00    40.62111      4.30
  40.90550    -6.90   40.90080    -8.60   40.86802      0.10    40.91511      4.40
  41.04840    -7.20   41.05010    -9.00   40.98652      0.10    41.03281      4.60
  41.28460    -7.30   41.27980    -9.10   41.24592      0.00    41.28291      4.40
  41.38330    -6.80   41.38460    -7.40   41.34992      0.70    41.37540      4.30
  41.63820    -6.60   41.64130    -8.70   41.62642      0.30    41.66980      4.00
  41.86140    -7.10   41.82040    -9.00   41.79352     -0.40    41.83310      3.80
  42.08040    -7.40   42.09010    -9.10   42.04242      0.10    42.08170      5.30
  42.18840    -7.40   42.18050    -9.00   42.14252      0.10    42.17500      5.40
  42.46880    -7.60   42.47940    -9.20   42.45752      1.00    42.46470      5.70
  42.62120    -7.40   42.60450    -9.30   42.56402      0.50    42.61400      4.90
  42.86131    -8.60   42.87800    -9.20   42.84972      0.10    42.85940      4.10
  42.99430    -8.50   43.01120    -9.40   42.96852      0.00    42.99480      4.40
  43.21920    -8.20   43.21460    -9.00   43.19992     -0.10    43.22370      4.60
  43.36171    -6.90   43.35930    -9.20   43.30762      0.50    43.34700      4.20
  43.64481    -7.50   43.62710    -8.80   43.59502     -0.10    43.62380      3.90
  43.72771    -8.10   43.74240    -9.30   43.68672     -0.30    43.71850      4.40
  44.03931    -7.30   44.06280    -9.80   43.99912      0.20    44.05570      4.30
  44.15471    -8.60   44.16570    -8.90   44.11142      0.00    44.15600      4.90
  44.38451    -7.80   44.40450    -8.20   44.35392      0.20    44.40760      4.20
  44.49321    -8.80   44.49900    -8.10   44.44182     -0.20    44.49850      4.80
  44.79161    -8.40   44.82780    -7.30   44.77792     -0.70    44.80180      4.50
  44.95331    -7.20   44.96160    -7.80   44.90352      0.00    44.93940      3.60
  45.21731    -8.90   45.21860    -8.50   45.17792      0.00    45.22729      5.00
  45.31041    -7.70   45.30170    -8.00   45.24832     -1.00    45.29290      4.20
  45.55161    -8.70   45.57090    -7.60   45.53752     -0.30    45.58330      4.90
  45.73751    -8.10   45.73020    -7.30   45.68522      0.40    45.72230      5.00
  46.00281    -8.80   46.00580    -9.00   45.97102      0.50    45.98920      4.70
  46.08051    -7.70   46.06780    -8.20   46.05342      0.20    46.06040      5.20
  46.37341    -8.20   46.37060    -8.00   46.34013      0.10    46.36780      5.90
  46.47741    -8.20   46.46600    -8.80   46.43973     -0.30    46.47790      5.40
  46.75571    -8.90   46.73470    -8.20   46.71183     -0.70    46.75330      4.40
  46.87391    -8.60   46.84770    -8.80   46.82923     -0.80    46.85279      4.80
  47.11671    -9.70   47.11520    -8.30   47.09063     -1.30    47.13979      4.40
  47.24641    -8.60   47.22200    -8.40   47.19093     -1.40    47.22689      5.00
  47.52061    -8.50   47.50821    -7.30   47.48333     -0.50    47.53449      3.90
  47.64791    -8.70   47.61510    -7.40   47.58332     -0.60    47.62219      5.10
  47.88881    -8.70   47.86890    -7.70   47.84803     -0.50    47.90899      4.90
  48.02581    -8.30   48.00010    -7.80   47.97433     -0.20    48.02639      4.80
  48.32541    -9.50   48.30740    -7.40   48.30173     -0.90    48.33519      4.40
  48.43891    -9.10   48.39170    -7.50   48.39253     -0.80    48.41959      4.30
  48.66851    -9.50   48.66391    -7.40   48.64773     -0.70    48.67329      4.60
  48.80421    -8.80   48.79171    -8.10   48.77183     -0.60    48.79459      4.70
  49.07551   -10.20   49.06561    -8.50   49.04933     -0.30    49.07339      4.50
  49.20161    -9.90   49.17540    -8.40   49.17903     -0.70    49.18739      4.80
  49.45791    -8.50   49.48310    -8.20   49.46373     -0.40    49.48289      6.80
  49.59941    -8.70   49.59620    -8.50   49.59363     -1.40    49.59259      4.20
  49.84471    -8.80   49.83830    -8.20   49.82223     -0.40    49.83400      4.10
  49.94051    -9.60   49.91900    -7.80   49.90923     -0.80    49.92660      4.30
  50.21641   -10.30   50.22000    -7.70   50.22353     -0.90    50.21610      3.70
  50.37681    -9.30   50.37800    -7.70   50.35673     -1.80    50.35170      5.20
  50.60991    -9.00   50.60990    -7.30   50.60993     -2.10    50.60990      4.40
  50.73591    -9.90   50.71460    -7.20   50.70273     -1.50    50.69730      4.30
  51.00351    -9.10   50.97380    -6.80   50.97343     -0.90    50.98060      5.40
  51.14661   -10.20   51.12680    -7.40   51.11713     -0.50    51.12180      4.20
  51.43562    -8.80   51.42960    -6.20   51.42383      0.50    51.41920      4.20
  51.54121   -10.00   51.54390    -6.80   51.51783     -1.20    51.52810      4.30
  51.79892   -10.10   51.78280    -6.60   51.77654     -1.30    51.79150      4.10
  51.94912   -10.40   51.93240    -7.40   51.92624     -1.50    51.94700      4.40
  52.18632    -9.20   52.19390    -5.80   52.19503     -0.60    52.18900      4.50
  52.29702    -9.50   52.27100    -6.70   52.27593     -1.10    52.29340      4.40
  52.55332    -9.30   52.56870    -7.30   52.57913     -0.70    52.56860      5.20
  52.74902    -9.70   52.75430    -6.50   52.73383     -1.40    52.71690      5.00
  52.98622    -9.10   52.99810    -7.10   52.99513     -1.20    52.99590      4.80
  53.09862   -10.30   53.10160    -7.60   53.10273     -1.20    53.09200      5.70
  53.31152   -10.30   53.31440    -7.50   53.30083     -1.60    53.32070      4.70
  53.47532   -10.20   53.46470    -6.20   53.45353     -1.00    53.45630      4.60
  53.73602   -10.80   53.71610    -7.00   53.71663     -1.40    53.73300      3.50
  53.83062   -10.40   53.80420    -6.70   53.79893     -1.60    53.80370      3.80
  54.10352   -11.00   54.08820    -6.30   54.08903     -0.70    54.10280      3.20
  54.27812   -11.00   54.26990    -5.90   54.25833     -1.10    54.26960      3.90
  54.52982   -11.90   54.50770    -6.90   54.50153     -1.40    54.52530      3.10
  54.62772   -11.10   54.58190    -6.90   54.58663     -1.60    54.60660      4.50
  54.89842   -12.20   54.88830    -7.40   54.87643     -0.20    54.90340      4.00
  55.03892   -11.90   55.03510    -7.30   55.01673     -0.50    55.03380      3.90
  55.28832   -10.70   55.26450    -6.50   55.26313     -1.40    55.28340      3.50
  55.39562   -11.30   55.36460    -8.10   55.36773     -0.80    55.38220      4.00
  55.66482   -12.20   55.65530    -5.70   55.66423     -1.80    55.68240      3.40
  55.80852   -12.60   55.79100    -5.00   55.77213     -1.30    55.77750      3.00
  56.04742   -12.50   56.05531    -6.30   56.05022     -1.30    56.04820      3.70
  56.17822   -11.90   56.17181    -4.70   56.15733     -1.20    56.16610      4.00
  56.41742   -12.20   56.40131    -5.00   56.41323     -0.20    56.42170      4.40
  56.55602   -12.40   56.54721    -5.30   56.55033     -1.30    56.53970      3.70
  56.84961   -12.90   56.83461    -6.20   56.83823     -2.10    56.83810      4.30
  56.96261   -12.10   56.93040    -5.70   56.92083     -0.60    56.92460      4.10
  57.19921   -12.10   57.16821    -5.50   57.19572     -1.90    57.19820      3.30
  57.36861   -12.70   57.32241    -6.10   57.32713     -2.70    57.32700      3.90
  57.60711   -12.90   57.59231    -6.70   57.57302     -2.30    57.59130      3.20
  57.69951   -12.80   57.67541    -6.60   57.66162     -1.80    57.69200      3.70
  57.97871   -12.90   57.94851    -5.50   57.94722     -1.10    57.97500      4.80
  58.12751   -12.00   58.08341    -4.80   58.08502     -1.30    58.11300      3.40
  58.38061   -12.80   58.36101    -5.40   58.35202     -1.60    58.38630      4.50
  58.50191   -12.30   58.46971    -5.80   58.47982     -1.60    58.48150      3.40
  58.76361   -13.50   58.74051    -5.60   58.74302     -1.40    58.78020      3.30
  58.92751   -14.00   58.91001    -5.00   58.90692     -1.20    58.92030      4.30
  59.18861   -13.70   59.17451    -5.30   59.17442     -2.00    59.17810      4.90
  59.28291   -13.20   59.25711    -5.70   59.25192     -1.50    59.27880      4.50
  59.55901   -14.00   59.54621    -5.70   59.54642     -1.80    59.55970      4.50
  59.70991   -13.20   59.70201    -6.10   59.68032     -0.60    59.69510      4.30
  59.94781   -13.30   59.95111    -6.00   59.93952     -1.60    59.96850      4.20
  60.05781   -12.80   60.06071    -6.50   60.03082     -2.10    60.05290      4.30
  60.32791   -14.30   60.33811    -6.20   60.30532     -1.70    60.33310      3.60
  60.49121   -14.80   60.46711    -6.00   60.43142     -2.80    60.45790      3.80
  60.74051   -14.40   60.72311    -6.10   60.69622     -1.80    60.72160      3.70
  60.83771   -13.90   60.81441    -6.00   60.78332     -1.60    60.80000      5.30
  61.12891   -14.00   61.12881    -4.00   61.09012     -1.80    61.13870      4.20
  61.26321   -14.30   61.24691    -4.50   61.22862     -1.70    61.24330      4.20
  61.53991   -14.30   61.53501    -5.20   61.49852     -1.90    61.52990      4.00
  61.65551   -14.30   61.64941    -5.30   61.60412     -1.90    61.63770      4.40
  61.91091   -13.80   61.91761    -4.50   61.87732     -2.10    61.91589      4.00
  62.07191   -13.20   62.05021    -3.60   62.03362     -1.60    62.04829      2.90
  62.32561   -14.10   62.32251    -4.90   62.29812     -2.10    62.32539      3.90
  62.44561   -14.40   62.42821    -5.00   62.39682     -2.10    62.41010      3.80
  62.68441   -14.70   62.68621    -4.60   62.67672     -1.00    62.68850      3.50
  62.85580   -13.10   62.84061    -5.00   62.82393     -1.60    62.82290      3.70
  63.11731   -14.60   63.10551    -5.80   63.09082     -1.90    63.10210      3.90
  63.23371   -13.70   63.20521    -4.90   63.18682     -1.90    63.20480      4.30
  63.48841   -14.30   63.45761    -5.20   63.45173     -2.50    63.47290      4.20
  63.62771   -14.80   63.60001    -4.00   63.57722     -1.60    63.60020      3.50
  63.89591   -14.00   63.88701    -4.10   63.87243     -1.70    63.88160      3.90
  64.01691   -15.40   64.00500    -4.30   63.97633     -1.30    64.00109      3.60
  64.27081   -14.30   64.27000    -4.70   64.25192     -2.60    64.26039      3.50
  64.42880   -14.90   64.39780    -4.70   64.39172     -2.40    64.41059      3.00
  64.68630   -15.40   64.69151    -5.00   64.69363     -2.00    64.69199      3.50
  64.79680   -14.70   64.79260    -3.90   64.78342     -1.40    64.78529      3.70
  65.06170   -15.20   65.06730    -5.10   65.06003     -2.10    65.05789      4.10
  65.21550   -15.60   65.20300    -4.10   65.17802     -2.40    65.20490      3.00
  65.46290   -15.80   65.44170    -3.40   65.45183     -2.70    65.45309      3.90
  65.57720   -14.80   65.54580    -3.40   65.54733     -2.40    65.57300      3.50
  65.81030   -15.60   65.79550    -4.00   65.79623     -2.40    65.79410      3.60
  65.93430   -15.00   65.91560    -3.70   65.91893     -2.70    65.92110      3.30
  66.23341   -15.50   66.24191    -4.80   66.24383     -2.20    66.21500      3.00
  66.33591   -14.20   66.34210    -4.90   66.33463     -1.80    66.30949      4.90
  66.58651   -14.80   66.59840    -5.10   66.59522     -2.10    66.59930      3.70
  66.73461   -13.80   66.74561    -4.90   66.73013     -2.00    66.73280      4.30
  67.03941   -14.30   67.00201    -4.50   67.01322     -1.70    67.03639      3.60
  67.12621   -13.70   67.10811    -5.00   67.09262     -2.70    67.11379      3.90
  67.41671   -14.80   67.38411    -5.20   67.39182     -1.70    67.41909      4.80
  67.54311   -13.70   67.52181    -4.70   67.51522     -1.60    67.53079      3.80
  67.79091   -13.80   67.75701    -4.40   67.76602     -2.70    67.78309      4.30
  67.89451   -14.20   67.88311    -3.70   67.87532     -2.30    67.88669      4.60
  68.15631   -15.80   68.15471    -4.70   68.14312     -2.80    68.16269      4.90
  68.30671   -15.40   68.28571    -3.70   68.26852     -3.30    68.29149      3.60
  68.59881   -15.50   68.58350    -4.10   68.56862     -1.70    68.58209      3.80
  68.68841   -14.40   68.68851    -4.20   68.66322     -1.80    68.66389      4.10
  68.92811   -14.30   68.93201    -4.50   68.91232     -1.90    68.94839      3.30
  69.09051   -14.10   69.09401    -4.30   69.06132     -2.70    69.07870      3.30
  69.35480   -13.50   69.36081    -4.70   69.34732     -2.00    69.36800      4.10
  69.46931   -14.20   69.45351    -4.10   69.45682     -2.20    69.45160      3.20
  69.72791   -14.00   69.72421    -5.20   69.70882     -1.60    69.72330      3.90
  69.87961   -14.40   69.87720    -4.20   69.84322     -2.20    69.84930      4.50
  70.16360   -14.60   70.14780    -4.00   70.15662     -2.40    70.15829      3.60
  70.24770   -14.10   70.25890    -3.70   70.25622     -1.90    70.23650      3.60
  70.48310   -14.10   70.51380    -4.20   70.49312     -2.60    70.49660      3.70
  70.67450   -14.00   70.67700    -4.10   70.65022     -2.90    70.65630      3.90
  70.90000   -14.20   70.90650    -4.20   70.89951     -3.10    70.91229      2.90
  71.02620   -14.50   71.03470    -4.70   71.01411     -3.20    71.01719      3.70
  71.29260   -14.00   71.28390    -4.20   71.30012     -2.20    71.29619      4.20
  71.43800   -14.40   71.43650    -4.40   71.40912     -2.50    71.41739      3.20
  71.67490   -14.80   71.68580    -4.20   71.68672     -2.50    71.67229      3.50
  71.81641   -14.20   71.83180    -3.60   71.78922     -2.70    71.78679      4.10
  72.06891   -14.20   72.09361    -3.40   72.07533     -2.70    72.05469      3.20
  72.19591   -14.20   72.21890    -3.60   72.19543     -2.80    72.18639      2.70
  72.47610   -14.40   72.50050    -3.40   72.49422     -2.30    72.45659      2.80
  72.60430   -13.60   72.60700    -2.80   72.58782     -3.50    72.57779      3.00
  72.84660   -13.20   72.89140    -3.30   72.87262     -3.10    72.84789      3.10
  72.97250   -14.40   73.02040    -3.70   72.99822     -2.70    72.94699      3.50
  73.27151   -13.90   73.28980    -3.70   73.26522     -3.00    73.25419      3.40
  73.36361   -13.90   73.38950    -3.00   73.38042     -2.40    73.35069      4.70
  73.64081   -13.60   73.64931    -4.00   73.63092     -2.90    73.62209      4.10
  73.75951   -13.70   73.79501    -3.80   73.75042     -2.30    73.73009      3.00
  74.04581   -13.00   74.08630    -3.70   74.04412     -2.90    74.04279      2.60
  74.16740   -14.90   74.17200    -4.60   74.12202     -2.00    74.14208      3.50
  74.41760   -14.00   74.43240    -3.20   74.40862     -3.20    74.40078      3.00
  74.55420   -13.40   74.58041    -3.90   74.54122     -3.50    74.55328      6.20
  74.83640   -13.60   74.85461    -2.90   74.83562     -2.80    74.81798      3.60
  74.93280   -13.50   74.95341    -3.40   74.91633     -3.30    74.91248      3.20
  75.21380   -14.60   75.23820    -3.30   75.21593     -3.20    75.20978      2.90
  75.34010   -14.70   75.34120    -4.00   75.30453     -3.00    75.29478      2.70
  75.58179   -13.80   75.58990    -4.20   75.59293     -2.40    75.55247      3.10
  75.70439   -13.80   75.70680    -3.50   75.68002     -2.50    75.66958      4.00
  75.98299   -13.60   75.98560    -4.30   76.00903     -3.70    75.97138      3.20
  76.11589   -13.60   76.10730    -3.30   76.11243     -2.40    76.08978      4.30
  76.37779   -13.60   76.38930    -3.90   76.39362     -3.00    76.36459      3.10
  76.47530   -14.70   76.48550    -4.20   76.48642     -3.10    76.45689      3.50
  76.74879   -14.80   76.73250    -4.10   76.74742     -4.40    76.72858      3.50
  76.90189   -13.70   76.89280    -3.30   76.89502     -2.80    76.86629      3.20
  77.17400   -14.30   77.17570    -3.60   77.17452     -3.40    77.15699      2.50
  77.28040   -13.90   77.27769    -3.40   77.28262     -3.30    77.26309      3.70
  77.56319   -13.50   77.53889    -3.50   77.53062     -2.20    77.53779      2.40
  77.68659   -13.10   77.64670    -3.00   77.65012     -2.60    77.66159      3.00
  77.94729   -13.60   77.93270    -3.60   77.93852     -2.40    77.93919      4.50
  78.05609   -14.00   78.02260    -3.00   78.02712     -3.60    78.01609      3.90
  78.34239   -13.40   78.34250    -2.10   78.33222     -2.60    78.31079      4.00
  78.48000   -13.10   78.46240    -2.90   78.44872     -3.10    78.45499      3.10
  78.75629   -14.00   78.72710    -3.90   78.73802     -3.10    78.73239      3.10
  78.86919   -14.40   78.85900    -3.40   78.86312     -3.50    78.85209      3.80
  79.09619   -14.70   79.10150    -3.10   79.11462     -3.60    79.08679      3.10
  79.23269   -14.20   79.23060    -3.50   79.25492     -3.70    79.21179      4.20
  79.52489   -14.40   79.53280    -3.40   79.53702     -3.30    79.52009      2.90
  79.62399   -14.10   79.62350    -4.00   79.63192     -2.50    79.60219      3.00
  79.89919   -15.00   79.90480    -4.20   79.92312     -3.50    79.88898      2.80
  80.05438   -15.20   80.05130    -3.50   80.04972     -3.00    80.03388      2.80
  80.32449   -14.10   80.32800    -3.30   80.32562     -2.40    80.29988      3.70
  80.41698   -14.20   80.41190    -3.80   80.40612     -3.70    80.38518      2.70
  80.68388   -13.00   80.68470    -3.70   80.67362     -2.90    80.67278      2.10
  80.83778   -13.50   80.81590    -3.40   80.82052     -3.90    80.80737      2.30
  81.09888   -13.40   81.08930    -2.40   81.09452     -3.00    81.10157      2.80
  81.22809   -14.20   81.22110    -2.60   81.19632     -2.40    81.20027      2.80
  81.45789   -14.10   81.45070    -3.20   81.46092     -2.50    81.43907      2.30
  81.60648   -15.10   81.59300    -2.70   81.58452     -1.80    81.56397      2.80
  81.87968   -15.00   81.86121    -4.20   81.85102     -3.00    81.86298      2.50
  81.99149   -15.60   81.97350    -3.80   81.95912     -3.20    81.95868      3.20
  82.26608   -13.90   82.24680    -2.60   82.25112     -4.80    82.24348      2.90
  82.38468   -13.80   82.39680    -4.00   82.39182     -4.50    82.36967      2.60
  82.67818   -13.00   82.67410    -3.30   82.69972     -3.80    82.66698      2.40
  82.78398   -13.90   82.79520    -4.00   82.78272     -3.60    82.75168      1.70
  83.05118   -14.00   83.04980    -3.80   83.07032     -2.30    83.04368      2.20
  83.20248   -14.20   83.20100    -2.20   83.19932     -1.90    83.18288      3.00
  83.46058   -14.00   83.45420    -2.80   83.45302     -1.70    83.45348      3.10
  83.56208   -13.70   83.55450    -3.70   83.54932     -2.50    83.51247      2.90
  83.82088   -13.60   83.80950    -3.20   83.82542     -2.30    83.80058      2.70
  83.98608   -13.80   83.98351    -3.40   83.98842     -3.40    83.95258      2.40
  84.27238   -14.70   84.26391    -3.80   84.29102     -3.00    84.24867      1.80
  84.40057   -13.80   84.37191    -2.20   84.37862     -3.80    84.37107      2.00
  84.63847   -13.10   84.64471    -3.60   84.64782     -2.50    84.62747      2.80
  84.78537   -13.40   84.76681    -3.80   84.76702     -3.50    84.75397      1.50
  85.03587   -13.80   85.01791    -2.80   85.03292     -4.10    85.01758      1.50
  85.17507   -14.20   85.15651    -2.80   85.16102     -3.50    85.14278      2.80
  85.40467   -14.10   85.39561    -2.30   85.42132     -3.60    85.39008      2.10
  85.58277   -14.50   85.57301    -0.60   85.57922     -3.20    85.53497      2.40
  85.84247   -14.30   85.82810    -3.60   85.83401     -3.30    85.82227      2.40
  85.92987   -14.20   85.91330    -2.80   85.91682     -2.70    85.88548      1.70
  86.19197   -13.10   86.18140    -3.80   86.21132     -3.70    86.18157      1.60
  86.35627   -13.50   86.34920    -3.20   86.36622     -3.80    86.33327      2.10
  86.61797   -12.70   86.59669    -4.10   86.63522     -3.00    86.59818      1.20
  86.70747   -13.60   86.69579    -3.20   86.71332     -4.10    86.68707      1.00
  87.00607   -12.70   86.97929    -3.70   86.99081     -3.70    86.98207      1.40
  87.10777   -12.90   87.08869    -3.80   87.10591     -3.20    87.08527      1.30
  87.38737   -12.60   87.38519    -3.30   87.40291     -3.20    87.37688      2.10
  87.50307   -12.30   87.47479    -3.20   87.49651     -2.90    87.49028      1.50
  87.75298   -11.60   87.72879    -3.20   87.75160     -2.90    87.75958      0.70
  87.89568   -12.40   87.86969    -4.50   87.88910     -2.50    87.87908      1.40
  88.17207   -12.70   88.14519    -3.20   88.16210     -2.80    88.15618      2.40
  88.29108   -12.90   88.25019    -3.60   88.26950     -2.90    88.26518      1.50
  88.51738   -11.90   88.49899    -3.10   88.52250     -3.10    88.52078      1.30
  88.69858   -12.80   88.66049    -3.00   88.67180     -3.40    88.65939      1.30
  88.93258   -11.90   88.91499    -2.80   88.94330     -3.50    88.90678      0.40
  89.04048   -11.30   89.01160    -1.20   89.03910     -2.80    89.00778      1.40
  89.31348   -11.90   89.31920    -2.50   89.33200     -2.50    89.31158      1.30
  89.45399   -11.00   89.44730    -2.80   89.47120     -2.70    89.44538      1.10
  89.73399   -11.90   89.70979    -3.30   89.73560     -3.10    89.70638      1.10
  89.83619   -11.40   89.80879    -3.30   89.84029     -3.20    89.81348      1.60
  90.11389   -11.00   90.06879    -3.90   90.11279     -3.10    90.08598      1.60
  90.24279   -10.50   90.21799    -2.80   90.23809     -4.00    90.21928      1.10
  90.51569   -10.40   90.48789    -3.10   90.50939     -3.10    90.49458      1.70
  90.63429   -10.30   90.59429    -3.00   90.62409     -3.40    90.61459      0.80
  90.87539   -10.30   90.83689    -2.50   90.87939     -3.10    90.87439      0.70
  91.03419   -10.70   90.98589    -3.30   91.02170     -2.10    91.00239      1.60
  91.32119   -10.10   91.27670    -1.80   91.31720     -1.40    91.30759      0.20
  91.42799   -10.00   91.36880    -2.70   91.43470     -1.90    91.40789      0.50
  91.66129    -9.70   91.61930    -3.50   91.66260     -2.60    91.67949      1.70
  91.81959    -9.70   91.77470    -4.00   91.81840     -3.20    91.82119      1.40
  92.12329    -9.90   92.07320    -2.30   92.11940     -3.00    92.11819      0.50
  92.22909    -9.60   92.19981    -2.90   92.23340     -4.80    92.19878      1.30
  92.51139    -8.60   92.48761    -3.20   92.50120     -3.90    92.51199      1.60
  92.63399    -8.90   92.59471    -3.20   92.62240     -3.40    92.61318      0.70
  92.88879    -9.30   92.88661    -2.80   92.89920     -3.40    92.88588      0.70
  93.00989    -8.50   92.99051    -3.70   93.00240     -3.20    92.98828      0.50
  93.26469    -8.70   93.25111    -2.20   93.28490     -2.90    93.24678     -0.60
  93.40778    -7.40   93.38591    -2.40   93.41840     -3.40    93.39278     -0.30
  93.70008    -8.80   93.67531    -3.00   93.69680     -3.50    93.69158      0.20
  93.80768    -8.70   93.78580    -2.90   93.80790     -3.80    93.80168      0.30
  94.05778    -8.10   94.04460    -3.60   94.05000     -3.00    94.05838      0.90
  94.18587    -7.90   94.16160    -2.10   94.17820     -3.30    94.16628      1.30
  94.45448    -7.80   94.42660    -2.20   94.44490     -3.40    94.44698      0.10
  94.57068    -7.30   94.55430    -2.30   94.55320     -2.70    94.55299      0.80
  94.79908    -9.10   94.79810    -2.50   94.81850     -2.00    94.80999      0.20
  94.98288    -8.00   94.93760    -1.90   94.95520     -1.90    94.95669      0.40
  95.25918    -8.40   95.22890    -2.20   95.24320     -2.60    95.24119     -0.60
  95.36048    -8.20   95.32890    -2.10   95.33200     -2.40    95.32699      0.60
  95.60998    -8.20   95.59669    -2.90   95.59770     -3.10    95.59978     -0.40
  95.76418    -7.80   95.73759    -2.70   95.74890     -2.90    95.74139      0.10
  96.02338    -7.60   96.00159    -2.50   96.02260     -2.90    96.01009      0.30
  96.12897    -8.40   96.11030    -3.10   96.10900     -3.20    96.08639     -0.20
  96.38168    -8.00   96.36060    -2.90   96.38700     -2.80    96.38559      0.00
  96.53188    -8.50   96.49349    -2.50   96.51180     -3.60    96.49789     -0.30
  96.78808    -7.40   96.75009    -2.70   96.76331     -3.80    96.76398      0.00
  96.89878    -8.00   96.87869    -1.80   96.89520     -3.70    96.89039     -0.60
  97.17268    -7.60   97.14799    -2.70   97.15380     -2.60    97.16809     -0.20
  97.33109    -6.90   97.28690    -1.60   97.28260     -3.60    97.29819     -0.30
  97.60059    -7.50   97.55430    -2.70   97.57470     -2.50    97.58609     -1.30
  97.68488    -7.80   97.63630    -2.90   97.64220     -3.00    97.66519     -1.10
  97.94019    -6.90   97.87240    -2.70   97.89439     -2.70    97.92099     -0.50
  98.07219    -7.20   98.03110    -1.80   98.05540     -2.40    98.05219      0.30
  98.36159    -7.00   98.31010    -2.60   98.31850     -2.60    98.35400     -1.40
  98.45679    -7.90   98.40289    -2.70   98.42370     -3.50    98.44489     -1.00
  98.72099    -7.80   98.66389    -2.70   98.71490     -3.20    98.71529     -1.20
  98.88748    -6.30   98.82950    -2.10   98.87440     -3.40    98.87180     -0.80
  99.11438    -6.70   99.07120    -1.60   99.10460     -2.80    99.12600     -2.20
  99.22328    -6.80   99.19189    -1.40   99.21660     -3.00    99.21520     -2.00
  99.50348    -7.70   99.46919    -2.20   99.50310     -3.00    99.52000     -1.10
  99.64218    -8.20   99.61039    -3.20   99.63170     -2.50    99.63800     -0.30
  99.94238    -7.20   99.88719    -2.90   99.89810     -2.30    99.92500     -0.40
 100.01469    -7.40   99.99289    -2.40   99.99020     -2.10   100.00771     -1.20
 100.29678    -8.20  100.26509    -1.50  100.28461     -2.90   100.29140     -0.30
 100.42358    -7.40  100.39539    -1.40  100.39771     -2.70   100.40951     -1.20
 100.69908    -7.10  100.66789    -1.50  100.67101     -3.70   100.69981     -1.70
 100.81678    -7.10  100.78629    -1.70  100.77331     -3.90   100.79181      0.00
 101.00418    -7.40  100.97209    -0.70  101.00130     -2.50   101.02431     -2.30
 101.20888    -7.60  101.15029    -1.60  101.14400     -1.60   101.16941     -2.20
 101.46138    -6.80  101.44829    -1.60  101.43111     -2.30   101.45781     -1.80
 101.60258    -7.30  101.56199    -1.40  101.55161     -3.20   101.56401     -2.90
 101.84457    -6.90  101.80699    -1.60  101.81590     -1.40   101.83971     -2.40
 101.98557    -6.70  101.93539    -1.30  101.94141     -2.80   101.95461     -1.30
 102.24557    -7.70  102.22240    -2.40  102.22311     -2.30   102.23461     -1.60
 102.33478    -7.70  102.29620    -2.20  102.31120     -3.30   102.30231     -0.90
 102.61858    -7.70  102.60680    -1.40  102.60270     -2.80   102.60471     -1.60
 102.75358    -7.60  102.73260    -1.20  102.74330     -3.70   102.73682     -1.40
 103.03048    -8.10  103.01279    -1.00  103.01060     -2.90   103.01642     -1.70
 103.14038    -8.10  103.11769    -1.10  103.12270     -4.10   103.12772     -2.50
 103.42118    -8.00  103.38779    -1.50  103.40221     -3.30   103.41541     -2.40
 103.56288    -7.70  103.52930    -1.50  103.52010     -2.70   103.52261     -3.10
 103.80578    -8.00  103.77830    -1.20  103.79501     -1.90   103.80032     -2.40
 103.90818    -6.50  103.87300    -1.80  103.87910     -2.30   103.90482     -2.40
 104.16238    -6.90  104.12630    -1.60  104.15881     -2.90   104.16792     -3.30
 104.30978    -7.00  104.28580    -1.20  104.29401     -2.90   104.29611     -4.00
 104.57318    -6.40  104.55460    -1.90  104.57461     -2.90   104.57451     -2.70
 104.69588    -6.70  104.65360    -1.70  104.66830     -2.60   104.66061     -3.50
 104.98238    -7.10  104.95181    -1.20  104.98400     -2.90   104.98591     -1.70
 105.12368    -7.10  105.09451    -1.60  105.09080     -2.40   105.09011     -2.40
 105.39638    -6.20  105.34511    -1.30  105.36269     -3.30   105.38731     -2.30
 105.50388    -6.00  105.45781    -2.40  105.45599     -3.00   105.47202     -2.50
 105.76038    -7.20  105.73021    -1.70  105.74519     -2.10   105.75442     -2.50
 105.90088    -6.50  105.86971    -1.60  105.88029     -2.00   105.87192     -3.60
 106.14758    -6.30  106.12171    -1.20  106.13869     -3.30   106.13642     -3.50
 106.24567    -6.50  106.21331    -1.10  106.24190     -3.20   106.24002     -3.80
 106.52788    -6.30  106.48971    -1.50  106.52350     -3.20   106.51172     -3.20
 106.68597    -5.10  106.63111    -2.00  106.68150     -2.30   106.67012     -4.10
 106.94377    -6.50  106.89371    -1.20  106.93150     -2.70   106.93502     -3.30
 107.03477    -6.60  106.99332    -1.90  107.00359     -2.90   107.00572     -3.30
 107.28828    -5.90  107.24451    -1.30  107.28259     -3.70   107.28752     -3.90
 107.46888    -5.50  107.41091    -1.10  107.43299     -2.70   107.44172     -3.20
 107.71108    -6.30  107.66741    -1.10  107.69609     -2.50   107.72592     -3.70
 107.84509    -5.70  107.76991    -0.20  107.81279     -2.10   107.82312     -3.80
 108.10319    -6.10  108.06242    -1.10  108.07619     -2.00   108.11512     -4.00
 108.24679    -5.10  108.18321    -0.30  108.20338     -2.40   108.22452     -2.80
 108.51189    -5.60  108.46101    -0.90  108.47939     -2.30   108.47322     -4.20
 108.61559    -5.30  108.56071    -0.90  108.56718     -2.40   108.58342     -3.60
 108.88019    -4.70  108.81782    -1.40  108.84818     -3.30   108.87012     -3.70
 109.01208    -5.70  108.96152    -2.20  108.96178     -3.30   108.97932     -3.90
 109.31248    -4.90  109.27852    -2.80  109.28648     -3.20   109.29871     -3.80
 109.45068    -5.30  109.42002    -1.80  109.42548     -3.10   109.42221     -4.40
 109.68349    -5.70  109.62832    -1.50  109.65688     -2.90   109.66731     -4.30
 109.81299    -5.30  109.77482    -1.20  109.78078     -2.50   109.77702     -4.80
 110.06959    -4.90  110.06702    -0.80  110.08238     -2.30   110.08202     -4.90
 110.31789    -5.20  110.28492    -1.20  110.29598     -2.00   110.28872     -5.10
 110.46819    -4.60  110.42192    -0.90  110.44658     -2.30   110.45822     -4.30
 110.61118    -3.70  110.56982    -1.30  110.58098     -2.40   110.57412     -4.90
 110.90649    -3.50  110.86842    -1.60  110.87558     -3.20   110.88842     -4.70
 111.02319    -4.10  110.97792    -1.20  111.00428     -2.70   110.99022     -5.20
 111.27348    -5.90  111.25282    -1.70  111.25988     -3.30   111.27422     -4.40
 111.35069    -4.80  111.32732    -1.80  111.33468     -3.70   111.32681     -4.30
 111.59309    -3.50  111.57703    -1.10  111.58598     -2.80   111.61081     -4.50
 111.78629    -4.50  111.77253     0.00  111.77968     -3.30   111.76751     -4.90
 112.04839    -4.70  112.01553    -1.40  112.03058     -3.30   112.02651     -4.80
 112.16048    -4.40  112.12962    -1.30  112.14297     -3.30   112.13981     -4.20
 112.36028    -4.00  112.34863    -1.50  112.35797     -2.70   112.36551     -4.80
 112.53059    -4.20  112.52072     0.20  112.54427     -1.90   112.53391     -5.00
 112.84929    -3.90  112.84372    -0.60  112.84068     -2.70   112.83981     -5.30
 112.91989    -3.50  112.91982    -0.70  112.93807     -2.90   112.91991     -4.90
 113.14729    -2.60  113.14692    -1.10  113.14717     -2.40   113.16792     -4.20
 113.30209    -3.20  113.30382    -0.60  113.29217     -3.40   113.30361     -4.10
 113.54929    -2.00  113.53792    -0.50  113.53257     -2.20   113.54131     -4.60
 113.69429    -2.40  113.68201    -0.50  113.68477     -2.80   113.66792     -4.90
 113.89309    -2.70  113.88502    -0.20  113.90647     -3.10   113.89751     -5.70
 114.04529    -2.40  114.01652    -0.40  114.00507     -2.50   113.98351     -4.30
 114.29319    -2.50  114.27312     0.00  114.29437     -2.40   114.29591     -4.40
 114.43649    -2.20  114.40832     0.00  114.42067     -1.80   114.41801     -5.20
 114.68099    -2.90  114.69832     0.10  114.69267     -3.50   114.68372     -6.10
 114.85229    -2.70  114.82512    -0.10  114.84207     -3.70   114.84102     -4.80
 115.08849    -2.20  115.07062    -1.90  115.07637     -2.90   115.07482     -6.00
 115.21529    -2.10  115.20432    -0.40  115.21537     -3.00   115.20332     -6.10
 115.44149    -1.20  115.44402    -1.30  115.47037     -2.90   115.45092     -5.70
 115.62679    -2.00  115.61311    -0.60  115.63897     -2.60   115.61952     -6.00
 115.87170    -2.60  115.87041    -0.80  115.87997     -2.60   115.87332     -5.90
 116.01120    -1.90  116.00802     0.00  116.02517     -3.00   116.00142     -5.70
 116.24240    -1.40  116.24342    -0.30  116.25907     -3.50   116.24412     -6.30
 116.40630    -0.90  116.38281     1.10  116.39187     -1.50   116.37881     -5.40
 116.63810    -1.30  116.63211    -0.10  116.64357     -2.90   116.64532     -5.60
 116.77040    -1.20  116.74731    -0.20  116.77047     -2.10   116.76302     -5.30
 117.01060    -0.30  116.99120    -0.50  117.01767     -2.70   117.03542     -5.30
 117.16810     0.10  117.14600    -0.20  117.15317     -2.10   117.15462     -5.00
 117.40430    -0.90  117.38091     0.80  117.40837     -2.30   117.40172     -3.70
 117.57100    -0.80  117.54330     0.40  117.54657     -2.30   117.56721     -4.90
 117.79860    -1.50  117.75900    -0.80  117.80207     -3.30   117.79382     -5.40
 117.98720    -0.70  117.95210    -0.30  117.95567     -3.10   117.96021     -6.00
 118.22890    -0.30  118.21140    -0.30  118.21917     -2.50   118.21711     -5.60
 118.37949    -0.70  118.32060    -0.20  118.33797     -3.20   118.34811     -5.10
 118.59740    -1.40  118.58321     0.00  118.59697     -3.80   118.59470     -5.90
 118.75130    -0.80  118.74341     0.80  118.75317     -2.80   118.76321     -6.40
 118.97410    -0.80  118.96821     0.20  118.99287     -3.70   118.99231     -6.30
 119.13710    -1.40  119.12501     0.20  119.12687     -2.80   119.13291     -6.50
 119.34670    -1.00  119.35531     0.00  119.35277     -3.20   119.36761     -6.30
 119.49070    -1.10  119.47431     0.30  119.49767     -1.90   119.48171     -5.90
 119.79450    -0.90  119.76841     0.00  119.77637     -2.90   119.78642     -5.20
 119.89700    -1.00  119.88901     0.00  119.88776     -2.10   119.91192     -5.20
 120.13850    -0.80  120.13491     0.40  120.15707     -2.70   120.15262     -5.80
 120.27940    -0.90  120.26511     0.40  120.27727     -2.10   120.27991     -5.10
 120.54700    -0.90  120.54981    -0.50  120.55756     -4.10   120.54411     -5.70
 120.68781    -0.60  120.64611     0.80  120.66447     -3.80   120.68231     -6.00
 120.90231    -1.70  120.89371    -0.50  120.91026     -1.90   120.92691     -6.30
 121.05540    -1.80  121.02370    -0.10  121.05666     -2.70   121.05311     -6.00
 121.29800    -0.80  121.28751    -0.80  121.30606     -2.60   121.30601     -5.90
 121.45870    -1.20  121.44701    -0.30  121.43606     -3.90   121.44311     -6.00
 121.69720    -1.10  121.68481     0.30  121.68196     -3.20   121.70831     -5.50
 121.87311    -2.00  121.84211     0.60  121.84486     -2.40   121.86411     -4.90
 122.12581    -0.80  122.11291    -0.70  122.11666     -3.20   122.12711     -6.30
 122.24071    -2.40  122.22861     0.20  122.24246     -1.60   122.24351     -5.00
 122.49131    -1.20  122.48281     0.00  122.52236     -2.40   122.50410     -6.10
 122.68051    -0.70  122.67381     0.30  122.69306     -2.60   122.67251     -6.70
 122.88811    -0.80  122.88332     0.90  122.90576     -4.10   122.90191     -6.10
 123.04192    -2.00  123.03622     0.70  123.05596     -3.50   123.04771     -5.90
 123.30431    -2.40  123.29221     0.60  123.30406     -2.90   123.30491     -5.40
 123.46252    -1.50  123.46162     0.30  123.45496     -2.50   123.45161     -4.90
 123.66891    -2.00  123.64902     0.20  123.66547     -3.10   123.67251     -5.60
 123.83701    -2.70  123.80282    -0.40  123.82356     -2.80   123.82211     -5.60
 124.07591    -2.50  124.06012     0.50  124.07646     -3.60   124.08391     -5.40
 124.26281    -0.80  124.23032     0.10  124.24296     -2.20   124.24681     -5.70
 124.47621    -3.00  124.44032     0.80  124.49646     -2.30   124.48221     -5.70
 124.60262    -1.40  124.55842     0.70  124.60426     -2.00   124.59301     -5.40
 124.85861    -1.40  124.82922     0.50  124.86526     -3.00   124.86721     -4.30
 125.01561    -1.90  124.98572     1.00  125.00287     -3.40   125.00641     -4.00
 125.27811    -1.40  125.25702     1.50  125.28217     -2.90   125.27591     -5.40
 125.39471    -2.50  125.35332     1.90  125.37967     -2.80   125.38081     -5.50
 125.63760    -3.40  125.63392    -0.20  125.64857     -2.70   125.66121     -6.20
 125.81860    -2.80  125.79692     0.30  125.80077     -2.30   125.81641     -6.20
 126.01850    -2.50  126.00742    -0.50  126.02296     -3.00   126.03171     -5.70
 126.18150    -3.00  126.15852     0.20  126.16817     -3.20   126.18471     -5.80
 126.44960    -2.90  126.41653     0.20  126.42167     -2.70   126.45380     -5.80
 126.58840    -3.00  126.55523     0.50  126.57487     -2.00   126.59660     -5.00
 126.81651    -2.30  126.79973     0.30  126.81897     -2.70   126.83920     -5.50
 126.98431    -2.30  126.95183     0.80  126.96567     -2.60   126.96841     -6.20
 127.22931    -3.70  127.19883     1.10  127.20457     -2.90   127.23730     -5.20
 127.37321    -3.80  127.36133     0.90  127.35157     -2.70   127.36591     -5.50
 127.59121    -2.50  127.57653     0.70  127.58397     -2.90   127.60790     -5.80
 127.74781    -2.90  127.71313    -0.50  127.72307     -2.70   127.73930     -5.80
 128.00241    -3.10  127.97533     0.90  127.98898     -3.30   128.01100     -5.30
 128.17741    -2.00  128.12692     1.30  128.14037     -2.70   128.16299     -4.90
 128.40302    -2.80  128.38213     0.70  128.38957     -2.90   128.41229     -5.40
 128.57762    -2.30  128.55023     2.00  128.54037     -2.50   128.55959     -5.40
 128.79292    -1.90  128.77513     0.60  128.79468     -3.80   128.80629     -4.90
 128.97133    -3.60  128.93803     0.70  128.93369     -3.90   128.96858     -5.00
 129.19493    -3.20  129.17534     0.90  129.18759     -2.80   129.20218     -5.00
 129.36523    -3.50  129.34024     0.70  129.33420     -3.60   129.35088     -5.00
 129.59914    -2.80  129.57344     2.10  129.58270     -3.00   129.62218     -5.80
 129.74783    -3.60  129.71414     1.40  129.73201     -3.30   129.74728     -6.20
 130.00484    -3.80  129.97095     1.00  129.99512     -3.80   130.02109     -5.70
 130.14014    -4.10  130.08925     1.90  130.12091     -3.50   130.12119     -5.90
 130.37764    -3.30  130.35695     1.70  130.37730     -4.40   130.39629     -5.20
 130.54634    -3.30  130.53294     1.10  130.52170     -3.60   130.54898     -4.80
 130.79454    -4.00  130.75545     0.20  130.78670     -3.90   130.80289     -5.20
 130.93954    -3.30  130.89165     0.00  130.91930     -4.60   130.92049     -4.10
 131.18834    -3.60  131.14854     0.20  131.19609     -3.60   131.20499     -4.60
 131.33224    -3.40  131.28114     1.20  131.31999     -3.30   131.33308     -5.50
 131.59094    -3.50  131.55554     0.90  131.57169     -4.50   131.61168     -4.80
 131.71994    -3.50  131.67094     1.10  131.69449     -3.30   131.72607     -4.50
 131.97073    -3.60  131.96704     2.00  131.97849     -4.00   131.99557     -5.40
 132.15184    -4.10  132.11784     0.50  132.13329     -3.20   132.15817     -4.10
 132.36214    -3.10  132.34584     1.50  132.36308     -4.40   132.35907     -4.70
 132.52484    -3.70  132.49074     1.30  132.49759     -4.00   132.51488     -4.70
 132.75964    -4.80  132.76234     1.30  132.76788     -4.10   132.78958     -5.30
 132.92105    -4.30  132.92294     1.20  132.92068     -4.20   132.93079     -5.30
 133.16914    -3.90  133.15834     1.70  133.17038     -5.10   133.17279     -5.20
 133.31235    -4.30  133.27515     1.40  133.28548     -4.90   133.29140     -4.50
 133.55334    -3.70  133.54324     1.50  133.56378     -4.30   133.56310     -4.60
 133.74614    -3.70  133.72055     2.20  133.74158     -3.80   133.73779     -4.30
 133.93904    -3.90  133.92606     0.90  133.94888     -4.60   133.95399     -4.80
 134.07915    -3.70  134.05226     1.60  134.07008     -3.40   134.08870     -4.30
 134.32515    -3.10  134.30516     1.80  134.30038     -3.10   134.33000     -4.40
 134.52095    -3.50  134.48656     1.00  134.48499     -4.30   134.48950     -5.10
 134.73065    -3.90  134.71875     2.20  134.74028     -3.30   134.75031     -4.70
 134.89725    -3.30  134.88754     1.80  134.86368     -4.50   134.89380     -4.60
 135.10565    -3.30  135.08244     2.40  135.09148     -5.10   135.10350     -4.30
 135.26865    -3.20  135.26575     1.40  135.24777     -4.70   135.25500     -4.20
 135.51135    -3.60  135.49875     1.30  135.51088     -5.10   135.53180     -3.50
 135.65656    -3.70  135.62985     1.00  135.62968     -4.90   135.64560     -4.50
 135.91235    -3.70  135.89386     1.70  135.90999     -4.20   135.92360     -4.00
 136.05745    -2.30  136.03957     1.90  136.03839     -3.80   136.04010     -4.30
 136.31586    -3.40  136.28456     1.50  136.31149     -3.80   136.31120     -3.70
 136.46196    -3.20  136.44426     1.90  136.44730     -4.80   136.44550     -5.30
 136.67966    -3.90  136.65765     1.20  136.66649     -4.80   136.68489     -5.40
 136.83665    -2.20  136.79405     1.60  136.80339     -4.70   136.81580     -4.40
 137.09845    -3.00  137.07085     1.70  137.08279     -5.20   137.08699     -3.80
 137.23195    -3.10  137.20485     3.40  137.21039     -4.60   137.24319     -3.20
 137.49025    -3.10  137.44095     2.40  137.47459     -3.90   137.48669     -4.20
 137.65555    -2.20  137.59634     2.90  137.61099     -4.00   137.64339     -3.90
 137.87144    -1.90  137.82074     1.80  137.86159     -4.00   137.86598     -4.20
 138.02475    -2.20  137.96223     2.40  137.98549     -4.40   138.00418     -3.70
 138.25095    -3.10  138.22324     2.20  138.25919     -5.00   138.28069     -3.60
 138.42215    -3.00  138.36343     2.60  138.40749     -5.30   138.40378     -3.00
 138.63306    -4.50  138.59633     1.80  138.63809     -5.80   138.65698     -3.40
 138.76656    -4.10  138.72054     2.80  138.76039     -4.70   138.77538     -4.20
 139.04086    -4.20  138.99963     1.90  139.04478     -4.60   139.06848     -4.60
 139.17496    -3.80  139.12744     3.10  139.17778     -4.00   139.17328     -3.70
 139.40846    -4.30  139.36725     1.80  139.40938     -4.30   139.43147     -3.20
 139.56807    -3.60  139.52495     2.10  139.56908     -5.10   139.57407     -4.80
 139.81187    -4.20  139.78964     2.30  139.82957     -4.90   139.83527     -4.90
 139.97247    -2.80  139.92674     3.40  139.97697     -5.60   139.97076     -4.80
 140.20847    -3.80  140.19444     3.20  140.23337     -4.30   140.23726     -3.90
 140.35316    -3.80  140.30515     3.00  140.33447     -5.20   140.33676     -3.60
 140.60016    -4.00  140.57425     1.70  140.60938     -4.90   140.63567     -4.10
 140.77286    -3.60  140.72765     2.80  140.77538     -4.60   140.78467     -3.90
 141.02376    -3.60  140.97374     2.70  141.00948     -5.90   141.02226     -3.50
 141.16136    -3.50  141.11604     3.00  141.15338     -5.00   141.17746     -3.40
 141.41237    -4.30  141.36945     3.00  141.41779     -4.90   141.41576     -3.40
 141.55667    -4.70  141.51515     3.80  141.56859     -4.80   141.56946     -3.40
 141.80768    -5.40  141.77255     3.80  141.81609     -5.50   141.80916     -3.40
 141.93808    -4.50  141.89516     3.80  141.92719     -5.40   141.93115     -4.20
 142.20898    -5.20  142.18726     3.00  142.22148     -5.30   142.21785     -4.10
 142.38089    -5.00  142.34135     4.00  142.39409     -5.10   142.37025     -3.50
 142.60529    -4.30  142.58705     2.40  142.62839     -6.10   142.62006     -4.80
 142.73219    -4.40  142.69855     3.40  142.74188     -5.60   142.74115     -4.90
 142.96899    -4.90  142.94334     2.60  142.98268     -5.10   142.99165     -4.20
 143.14110    -5.30  143.12694     3.10  143.15057     -5.90   143.15366     -3.30
 143.38429    -5.40  143.37303     2.80  143.41628     -5.60   143.41275     -3.80
 143.53809    -4.40  143.50153     3.30  143.53598     -5.30   143.54625     -4.30
 143.77078    -5.80  143.75543     3.30  143.80559     -5.30   143.78944     -4.10
 143.93298    -4.50  143.91884     4.00  143.95088     -5.20   143.93535     -3.20
 144.12508    -5.70  144.09364     3.00  144.15358     -5.90   144.14705     -4.00
 144.27948    -6.20  144.23384     3.50  144.28989     -5.20   144.28336     -4.00
 144.52847    -5.80  144.51434     3.70  144.56389     -5.90   144.56105     -3.40
 144.69548    -6.20  144.66574     3.30  144.70988     -5.80   144.69305     -3.00
 144.94067    -6.00  144.93445     3.40  144.96979     -5.00   144.98175     -4.30
 145.07108    -5.60  145.04965     3.80  145.09839     -4.70   145.08905     -3.90
 145.33777    -5.50  145.29636     3.80  145.34769     -5.80   145.34775     -3.80
 145.46587    -6.40  145.43076     4.30  145.48259     -5.90   145.47995     -4.20
 145.69397    -6.60  145.68115     3.90  145.72639     -5.40   145.72314     -4.20
 145.85107    -5.80  145.83405     3.70  145.86760     -6.10   145.85565     -4.10
 146.08467    -6.20  146.07504     2.70  146.10950     -6.30   146.08655     -4.90
 146.22636    -5.40  146.21074     3.90  146.26930     -6.00   146.23985     -4.60
 146.46907    -7.00  146.45233     3.30  146.51480     -5.80   146.50336     -4.20
 146.64687    -7.60  146.61194     3.50  146.66589     -6.00   146.66136     -4.60
 146.89217    -8.20  146.84393     3.70  146.91859     -5.90   146.91257     -4.70
 147.06996    -7.00  147.02663     3.20  147.06560     -5.90   147.07837     -4.50
 147.29996    -8.10  147.25853     3.50  147.30440     -5.70   147.30687     -4.70
 147.38966    -8.40  147.34503     3.10  147.38870     -5.70   147.39757     -4.20
 147.66516    -7.20  147.61124     2.90  147.67480     -6.00   147.66217     -5.20
 147.81976    -8.10  147.76233     3.90  147.82550     -6.00   147.83607     -4.90
 148.03076    -7.60  147.99263     3.20  148.02950     -6.60   148.06177     -4.70
 148.18657    -7.60  148.11363     3.20  148.17970     -6.60   148.17816     -5.10
 148.45197    -8.10  148.39893     3.10  148.45311     -6.30   148.47076     -4.40
 148.59427    -8.30  148.54242     4.40  148.58830     -5.80   148.58966     -4.80
 148.82086    -9.20  148.78133     3.70  148.82890     -6.10   148.84676     -4.50
 148.98227    -8.20  148.95233     4.10  148.97591     -5.50   148.99855     -3.90
 149.22917    -7.90  149.18044     4.80  149.23721     -5.70   149.24905     -4.20
 149.41768    -7.90  149.36974     4.90  149.42032     -6.40   149.41965     -5.20
 149.63487    -8.70  149.59094     3.50  149.64722     -6.70   149.65344     -5.10
 149.80138    -8.20  149.72995     4.30  149.77211     -6.50   149.79074     -4.50
 150.01978    -9.90  150.00204     4.40  150.05560     -5.90   150.03664     -5.10
 150.13867    -8.70  150.11314     3.80  150.16220     -5.40   150.16383     -4.60
 150.39267    -8.10  150.35144     3.00  150.41170     -5.70   150.41763     -5.40
 150.53017    -8.40  150.48654     4.40  150.52020     -6.20   150.53073     -4.40
 150.80426    -8.70  150.75545     4.40  150.80200     -6.10   150.82373     -4.70
 150.97736    -8.30  150.93585     4.70  150.97340     -5.40   150.97234     -3.90
 151.19286    -9.30  151.15105     6.00  151.20111     -5.90   151.20474     -4.40
 151.34955    -8.70  151.29585     4.80  151.34412     -6.10   151.33205     -3.60
 151.56494    -9.40  151.54416     4.30  151.59431     -5.90   151.58945     -4.20
 151.73764    -8.10  151.67487     5.20  151.72871     -5.50   151.73375     -4.80
 151.96054    -9.50  151.93797     4.40  151.98131     -6.00   152.00415     -4.80
 152.11394    -8.90  152.08987     4.00  152.13130     -5.40   152.12245     -4.70
 152.35173   -10.20  152.34207     4.40  152.39261     -6.80   152.38646     -5.10
 152.55373    -9.50  152.53577     4.70  152.56931     -5.50   152.57156     -5.10
 152.78523    -9.40  152.76677     4.30  152.81250     -6.50   152.79536     -4.90
 152.93883    -9.80  152.93018     4.50  152.95720     -6.90   152.94237     -4.60
 153.13573    -8.20  153.13287     4.10  153.18060     -6.40   153.17596     -5.60
 153.31993    -9.60  153.29347     4.00  153.33510     -7.10   153.32787     -5.30
 153.56433    -9.70  153.53798     5.00  153.59070     -6.50   153.58907     -5.20
 153.68123    -8.30  153.65738     4.70  153.69290     -5.90   153.70126     -5.20
 153.94273    -9.80  153.92238     5.20  153.97459     -5.40   153.97656     -5.60
 154.08873    -8.60  154.06938     4.50  154.08749     -6.10   154.09875     -6.70
 154.35184    -9.50  154.33788     5.40  154.36650     -6.70   154.38235     -6.60
 154.51913    -9.80  154.49178     5.10  154.51891     -6.30   154.52835     -5.40
 154.76433   -10.00  154.75638     5.60  154.76161     -7.30   154.78705     -5.70
 154.92433    -9.20  154.90668     5.30  154.91011     -6.00   154.93605     -4.80
 155.15494    -9.80  155.15327     4.80  155.15561     -6.20   155.19334     -5.30
 155.27544    -9.40  155.28267     5.30  155.28621     -7.00   155.30954     -5.60
 155.52873    -9.20  155.52046     5.30  155.54170     -7.10   155.56973     -5.00
 155.72003   -10.90  155.70766     4.80  155.70390     -6.30   155.71883     -6.30
 155.95174   -10.40  155.94946     4.80  155.95930     -6.40   155.97693     -5.80
 156.08064    -9.10  156.05756     4.70  156.08501     -5.70   156.07942     -5.60
 156.32104    -8.80  156.32326     5.30  156.34651     -6.30   156.35272     -5.60
 156.46605    -9.80  156.45206     5.00  156.47771     -6.10   156.48993     -6.40
 156.72266    -9.80  156.71086     4.50  156.73271     -5.90   156.74004     -6.20
 156.85785    -8.90  156.84006     5.90  156.85941     -6.90   156.87193     -5.80
 157.10135   -10.40  157.07816     5.30  157.10631     -6.40   157.12204     -5.50
 157.27644    -8.40  157.25516     5.60  157.26871     -6.70   157.28804     -5.80
 157.48665    -9.10  157.45026     5.10  157.47650     -6.40   157.49794     -6.00
 157.63194   -10.20  157.58226     5.20  157.61481     -7.00   157.64594     -5.60
 157.88174    -9.40  157.83546     5.30  157.87370     -6.00   157.91263     -5.80
 158.04015   -10.30  157.99406     5.60  158.03120     -7.70   158.05713     -4.90
 158.25685   -10.60  158.21677     6.50  158.26541     -7.50   158.29292     -5.60
 158.41646    -9.30  158.36917     5.30  158.40511     -6.80   158.42822     -5.60
 158.64786    -9.90  158.63268     5.30  158.64990     -5.90   158.67812     -7.00
 158.82266    -9.30  158.78638     5.80  158.78011     -5.90   158.82681     -5.90
 159.04176   -10.60  159.04828     4.40  159.06201     -6.70   159.07011     -6.80
 159.19086   -10.50  159.17838     4.40  159.18442     -6.30   159.20262     -6.70
 159.43846    -9.90  159.44247     5.60  159.44002     -6.70   159.47192     -6.70
 159.60286    -9.40  159.59268     6.30  159.58032     -6.20   159.62363     -6.80
 159.82365    -9.00  159.81789     5.90  159.81992     -5.70   159.84883     -6.20
 159.95676    -8.70  159.94798     6.30  159.94522     -6.60   159.98174     -6.40
 160.20296    -9.60  160.21489     6.90  160.19572     -7.10   160.25293     -7.40
 160.38925    -8.90  160.36179     5.90  160.36452     -7.90   160.38823     -7.10
 160.61205    -9.00  160.60809     6.10  160.59042     -6.30   160.63823     -6.70
 160.75194   -10.20  160.75429     5.60  160.75462     -6.50   160.77193     -6.60
 161.01173    -9.90  160.99409     5.30  160.97763     -6.40   161.02592     -6.90
 161.12114    -9.90  161.12010     5.20  161.11783     -6.20   161.15042     -6.30
 161.36813    -9.40  161.38530     6.00  161.37433     -5.70   161.40352     -7.20
 161.53883    -9.60  161.52831     5.60  161.52432     -6.80   161.55981     -6.80
 161.75104    -9.50  161.75171     6.20  161.75383     -6.40   161.79962     -6.40
 161.93063    -8.50  161.91721     6.30  161.90894     -6.60   161.96172     -5.80
 162.14473    -9.10  162.16911     6.10  162.15474     -5.80   162.18282     -6.10
 162.29813    -9.30  162.30162     7.50  162.29794     -7.30   162.34471     -5.10
 162.55783    -8.20  162.57143     6.90  162.57684     -6.50   162.59811     -7.40
 162.72253    -7.60  162.72023     6.50  162.71425     -6.00   162.72702     -7.40
 162.92914    -9.40  162.93964     6.00  162.93465     -6.00   162.96812     -7.60
 163.07704    -8.20  163.07854     5.60  163.06535     -7.10   163.08842     -6.90
 163.29424    -9.50  163.30603     5.60  163.29405     -6.30   163.34203     -8.00
 163.45613    -9.20  163.44772     5.90  163.44156     -6.30   163.46672     -7.60
 163.70042    -8.90  163.71362     5.70  163.69876     -7.20   163.73012     -7.80
 163.85132    -8.60  163.84532     6.00  163.83446     -7.20   163.87141     -7.40
 164.08882    -8.70  164.08392     5.50  164.07846     -7.30   164.12802     -8.10
 164.20833    -8.00  164.21042     6.00  164.19276     -7.90   164.24103     -7.90
 164.49033    -8.50  164.44891     5.90  164.47946     -7.50   164.51953     -7.90
 164.59633    -7.90  164.57951     5.80  164.57806     -7.40   164.62193     -7.40
 164.81973    -8.60  164.81311     6.50  164.83736     -6.70   164.86183     -7.60
 165.00343    -8.10  164.96822     6.10  164.98856     -6.60   165.02324     -7.10
 165.22543    -8.20  165.20541     7.30  165.22815     -6.10   165.27074     -7.60
 165.40913    -8.00  165.39972     6.00  165.38295     -7.30   165.42534     -8.50
 165.64813    -7.80  165.64513     6.30  165.65305     -7.10   165.69014     -8.40
 165.78613    -8.30  165.78113     6.40  165.79135     -7.00   165.80994     -9.50
 166.00304    -8.10  166.02383     7.00  166.00896     -8.00   166.05113     -9.00
 166.16174    -9.70  166.16473     5.90  166.14536     -6.60   166.19164     -7.50
 166.38405    -8.10  166.38234     6.20  166.37735     -6.60   166.43184     -8.50
 166.56184    -8.10  166.56184     6.90  166.53745     -7.20   166.57384     -7.80
 166.80734    -7.90  166.80334     6.40  166.78354     -6.80   166.82854     -8.00
 166.93114    -7.80  166.92734     6.30  166.90234     -7.20   166.95004     -1.50
 167.17044    -8.00  167.17264     6.20  167.17654     -6.60   167.21045     -8.00
 167.34933    -8.00  167.33134     6.10  167.31654     -7.20   167.38306     -8.70
 167.58403    -7.60  167.57164     6.00  167.56105     -6.50   167.64516     -8.50
 167.73543    -7.40  167.70764     5.90  167.69064     -7.20   167.75555     -8.50
 167.94543    -7.50  167.92545     6.50  167.92004     -6.80   167.99736     -8.30
 168.12064    -7.20  168.07704     6.00  168.06435     -7.50   168.14296     -8.50
 168.37874    -7.10  168.37964     6.40  168.35484     -7.90   168.41927     -8.70
 168.53404    -7.90  168.51224     6.80  168.49014     -7.50   168.56236     -8.60
 168.73914    -7.80  168.72864     6.20  168.71924     -7.00   168.78416     -8.30
 168.91734    -7.20  168.90854     6.40  168.87024     -6.70   168.95166     -7.70
 169.11174    -7.60  169.13493     6.50  169.12685     -6.50   169.17336     -8.80
 169.29034    -8.40  169.26944     6.30  169.27585     -7.10   169.32056     -8.40
 169.51305    -7.30  169.51224     6.10  169.49504     -7.20   169.56555     -8.40
 169.69345    -6.80  169.68884     7.20  169.66064     -7.40   169.73375     -9.20
 169.92944    -8.00  169.92944     7.80  169.92935     -7.50   169.98375     -8.90
 170.05054    -7.70  170.06505     7.90  170.04546     -6.90   170.11176     -8.20
 170.33293    -7.90  170.33385     6.80  170.31296     -7.30   170.37016     -9.00
 170.48653    -7.00  170.47755     7.00  170.47046     -7.40   170.52477     -9.10
 170.67563    -6.90  170.66875     6.30  170.66716     -8.00   170.72597     -8.70
 170.84003    -6.50  170.81755     6.60  170.81126     -7.40   170.85378     -8.20
 171.07863    -7.00  171.08536     5.80  171.04776     -7.00   171.11508     -8.90
 171.23593    -6.80  171.23895     6.40  171.21815     -6.90   171.28049     -8.40
 171.45692    -6.80  171.48206     6.40  171.45026     -6.80   171.51178     -8.80
 171.63042    -6.90  171.63666     6.10  171.59506     -6.60   171.65639     -9.00
 171.85751    -7.40  171.86256     6.90  171.83907     -7.80   171.89178     -8.50
 172.03542    -7.00  172.03647     7.20  172.01357     -6.70   172.06049     -9.20
 172.28091    -7.00  172.29778     7.30  172.27657     -6.80   172.31459    -10.20
 172.39592    -6.60  172.41068     7.40  172.39886     -7.00   172.45110     -8.50
 172.64223    -7.50  172.66078     7.40  172.63046     -6.70   172.69029     -9.40
 172.78323    -7.40  172.81158     7.60  172.78896     -6.70   172.82529     -9.80
 173.02814    -6.80  173.04079     7.00  173.01465     -7.10   173.05418    -10.30
 173.17664    -7.60  173.19038     6.30  173.16824     -7.10   173.20778     -9.70
 173.42723    -6.20  173.43848     6.10  173.41814     -7.40   173.45508     -8.90
 173.57333    -6.10  173.58838     5.90  173.56343     -7.50   173.62358    -10.30
 173.81464    -6.60  173.84348     6.00  173.82874     -7.00   173.86539     -9.40
 173.96794    -6.70  173.99498     6.30  173.96614     -7.00   174.00729     -8.80
 174.19745    -5.80  174.20338     7.50  174.19334     -6.70   174.23859     -9.30
 174.35785    -6.40  174.35658     6.70  174.33115     -7.60   174.36438     -8.90
 174.58714    -7.20  174.62679     7.80  174.60034     -6.80   174.64648     -9.80
 174.73874    -6.40  174.75739     7.60  174.74004     -7.40   174.78029     -8.60
 175.00073    -6.90  175.02759     7.50  175.00653     -7.50   175.05019     -9.00
 175.13324    -6.30  175.14569     8.10  175.11803     -6.50   175.17868     -9.50
 175.38454    -5.40  175.40929     7.30  175.39703     -7.70   175.44008     -8.60
 175.52473    -7.20  175.54008     7.10  175.50423     -6.70   175.56688     -7.70
 175.79753    -6.20  175.81708     6.40  175.78203     -7.20   175.84857     -9.40
 175.92593    -5.10  175.93558     6.10  175.90833     -5.90   175.94518     -9.40
 176.13753    -5.50  176.16518     7.40  176.13333     -7.20   176.19908     -8.60
 176.28442    -6.10  176.31398     7.30  176.28033     -6.80   176.33488     -8.40
 176.55632    -5.40  176.57858     6.30  176.54694     -7.20   176.58708     -8.70
 176.69263    -6.40  176.71878     6.50  176.67593     -7.10   176.71738     -9.20
 176.95712    -6.20  176.96948     5.90  176.92953     -7.40   177.00517     -9.60
 177.08482    -5.70  177.09518     7.10  177.03363     -6.60   177.11197     -9.60
 177.30373    -5.50  177.30759     7.30  177.27682     -6.50   177.35657     -8.20
 177.48112    -5.80  177.48689     7.30  177.44542     -6.70   177.50317     -9.30
 177.69252    -5.70  177.70470     7.10  177.66002     -7.40   177.73018     -9.00
 177.83012    -4.50  177.84540     6.50  177.79402     -6.60   177.86288     -9.00
 178.08882    -6.10  178.10449     7.40  178.05722     -7.40   178.13489     -9.20
 178.25342    -4.20  178.23219     7.50  178.20892     -7.70   178.27449     -9.80
 178.49681    -5.10  178.50020     7.00  178.45372     -7.60   178.54219     -9.90
 178.63881    -5.30  178.62419     7.30  178.58562     -6.00   178.66339     -9.50
 178.86581    -4.80  178.87379     6.20  178.82951     -6.40   178.92130     -9.40
 179.04422    -5.80  179.04179     7.00  178.99821     -6.80   179.06909     -8.50
 179.27422    -5.80  179.28679     6.40  179.24762     -6.60   179.31239     -9.40
 179.40762    -5.80  179.40419     6.60  179.36122     -7.00   179.45029     -9.10
 179.68712    -4.10  179.68810     7.40  179.64873     -6.80   179.74638     -9.10
 179.83311    -4.00  179.81189     7.20  179.78642     -7.30   179.85208     -8.20
 180.05692    -4.00  180.06509     6.50  180.05063     -7.50   180.11038     -8.60
 180.22331    -3.70  180.22229     6.40  180.20303     -7.10   180.26059     -9.40
 180.45621    -4.40  180.45740     7.30  180.41454     -7.30   180.48579     -9.10
 180.62190    -3.80  180.62579     7.10  180.57654     -7.40   180.65390     -8.10
 180.85370    -3.80  180.85669     7.60  180.80653     -8.00   180.89240     -8.80
 180.99480    -4.60  180.98459     6.80  180.93323     -8.00   181.01419     -8.80
 181.23959    -4.20  181.21759     6.40  181.21243     -6.90   181.27429    -10.00
 181.38930    -4.90  181.37720     6.40  181.35164     -7.30   181.41240    -10.10
 181.63960    -5.10  181.62550     7.50  181.59264     -7.50   181.68269    -10.20
 181.77310    -3.60  181.75301     7.50  181.74313     -6.80   181.80620    -10.40
 182.01750    -4.10  182.01421     4.10  182.02063     -7.40   182.07359     -9.70
 182.19839    -3.30  182.19031     5.10  182.14532     -7.50   182.21199     -9.80
 182.42329    -2.20  182.44380     5.80  182.38683     -8.00   182.47499     -8.60
 182.57500    -3.70  182.58400     6.20  182.54773     -7.90   182.60100     -8.80
 182.82280    -3.20  182.82690     6.80  182.78633     -7.90   182.85880     -8.30
 182.96550    -3.30  182.97340     7.50  182.93843     -7.00   183.01520     -9.70
 183.22211    -2.50  183.22900     8.10  183.19383     -8.50   183.27060     -9.80
 183.36911    -2.10  183.36670     7.80  183.31993     -7.50   183.38040     -9.80
 183.60400    -3.00  183.59731     7.30  183.56802     -6.50   183.65370    -10.10
 183.73601    -2.00  183.74001     7.70  183.69542     -7.10   183.77150    -10.00
 183.99760    -2.00  184.01811     6.00  183.96352     -7.20   184.05540     -9.40
 184.12990    -2.60  184.15831     7.30  184.09602     -7.40   184.17880     -8.40
 184.37329    -2.30  184.37561     6.00  184.32793     -6.70   184.41270     -8.20
 184.52859    -2.20  184.52721     7.00  184.46803     -6.90   184.56250     -8.70
 184.75940    -2.10  184.76361     5.80  184.71593     -7.80   184.80490     -8.20
 184.90750    -2.10  184.91872     7.10  184.84683     -7.50   184.94031     -8.50
 185.14110    -3.20  185.15231     7.30  185.09323     -7.60   185.17880     -9.50
 185.31329    -2.40  185.31952     6.70  185.22884     -5.90   185.32201     -8.40
 185.55199    -1.10  185.58331     6.10  185.51863     -6.50   185.61790     -9.30
 185.69328    -2.60  185.69411     7.60  185.64864     -7.40   185.73120     -9.00
 185.94559    -1.20  185.96260     7.10  185.92944     -6.70   186.01370     -8.40
 186.10049    -1.90  186.08569     7.90  186.04195     -7.30   186.13040     -8.70
 186.34909    -1.60  186.34380     6.20  186.30325     -7.70   186.40100     -8.10
 186.46429    -1.60  186.47290     6.50  186.43555     -7.30   186.50999     -8.60
 186.70439    -1.10  186.70990     5.50  186.64925     -7.70   186.75729     -9.20
 186.85699    -0.10  186.84081     6.70  186.78745     -7.00   186.88100     -8.40
 187.12680    -2.30  187.12381     7.00  187.07664     -7.50   187.18480     -8.90
 187.24870    -2.20  187.24651     7.10  187.20345     -7.70   187.28360     -9.50
 187.50610    -2.70  187.49091     7.40  187.45184     -7.50   187.55530     -8.50
 187.63080    -2.00  187.61140     7.50  187.55774     -7.80   187.67230     -9.80
 187.89149    -2.50  187.86641     6.70  187.82324     -7.60   187.93640     -9.60
 188.04700    -0.90  188.01541     7.90  187.97185     -7.40   188.07930     -8.40
 188.27620    -1.70  188.25381     7.30  188.22205     -8.40   188.31210     -8.40
 188.43660    -1.20  188.39882     6.80  188.35234     -7.30   188.46240     -9.50
 188.63980    -1.90  188.65141     6.90  188.62485     -7.40   188.70020     -8.70
 188.81720    -1.20  188.78691     6.20  188.74075     -7.30   188.83650     -9.30
 189.03639    -0.70  189.03061     6.70  189.01135     -7.70   189.08720     -9.10
 189.20499    -1.00  189.21161     7.10  189.17296     -6.70   189.24741     -9.30
 189.44258    -0.90  189.45251     7.00  189.40115     -7.90   189.50601     -9.20
 189.59218    -0.10  189.59021     7.10  189.55865     -7.00   189.63321     -9.20
 189.85008    -0.60  189.85892     6.00  189.81885     -6.90   189.88831     -9.00
 190.01598     0.00  190.02032     6.10  189.97345     -7.10   190.04730     -8.40
 190.20517    -0.30  190.21973     6.40  190.18394     -7.60   190.26300     -8.20
 190.36906    -1.50  190.38652     6.60  190.31285     -7.80   190.41321     -8.40
 190.61896    -1.00  190.59952     6.90  190.56445     -7.60   190.66982     -8.40
 190.75986    -1.80  190.76701     6.70  190.71475     -7.70   190.80742     -8.10
 191.01636    -1.50  191.00981     6.80  190.98645     -7.70   191.06262     -8.10
 191.15135    -1.20  191.13481     5.90  191.08984     -7.70   191.18973     -8.40
 191.39645    -1.00  191.38991     6.70  191.36745     -7.90   191.43044     -9.10
 191.55055    -0.30  191.55920     7.50  191.53645     -7.00   191.60373     -8.10
 191.76085    -1.20  191.75951     6.90  191.75075     -7.70   191.81554     -9.10
 191.94215    -0.50  191.90460     7.50  191.89244     -6.60   191.95314     -9.60
 192.17935    -1.90  192.16389     6.00  192.14764     -6.70   192.22453     -8.90
 192.31566    -1.40  192.32680     5.80  192.29944     -7.80   192.35834     -8.80
 192.55165    -1.40  192.58220     6.70  192.54865     -8.30   192.62534     -8.00
 192.72815    -1.00  192.71381     6.20  192.69315     -7.80   192.74823     -8.60
 192.95575    -1.10  192.95651     5.60  192.94135     -7.30   192.99513     -9.10
 193.10875    -2.00  193.10912     5.40  193.09004     -7.00   193.14594     -8.10
 193.34335    -2.10  193.34702     6.90  193.32434     -7.30   193.39093     -8.60
 193.49055    -0.40  193.48972     7.50  193.48384     -8.20   193.53043     -7.90
 193.71585    -0.90  193.69621     6.70  193.71043     -7.30   193.78712     -7.70
 193.90836     0.10  193.90552     7.80  193.87613     -6.80   193.93613     -8.90
 194.11755     0.40  194.11392     5.70  194.08983     -6.40   194.14903     -8.20
 194.26375     0.70  194.25403     6.00  194.22704     -6.60   194.27773     -8.70
 194.50224     0.40  194.47993     6.60  194.48073     -6.80   194.53702     -7.20
 194.64534     0.80  194.61423     7.30  194.63153     -6.70   194.67892     -7.80
 194.90504     0.40  194.88612     7.20  194.88432     -7.10   194.94713     -8.30
 195.03654     0.20  195.00243     7.70  194.98903     -7.00   195.04013     -7.40
 195.28255    -0.80  195.25803     7.40  195.27654     -7.50   195.32362     -9.20
 195.45355    -0.50  195.41162     7.20  195.41183     -6.60   195.48053     -8.30
 195.66655    -0.80  195.67422     6.00  195.67413     -7.00   195.72623     -7.50
 195.83025    -1.40  195.82042     7.00  195.81284     -6.90   195.87213     -8.40
 196.08284    -1.50  196.07211     6.00  196.06804     -7.60   196.12193     -7.40
 196.23354    -1.00  196.24561     6.20  196.21414     -7.30   196.27043     -7.50
 196.44884    -0.80  196.44611     5.20  196.44295     -8.00   196.50673     -7.60
 196.57913    -0.90  196.58951     5.80  196.56584     -8.00   196.61833     -8.10
 196.83803    -1.10  196.85172     6.40  196.83875     -8.20   196.89723     -8.40
 197.03372    -1.00  197.02762     6.00  196.99405     -8.20   197.05573     -8.90
 197.26993    -1.20  197.25322     5.00  197.22826     -7.90   197.31572     -8.70
 197.40143    -0.70  197.39642     6.00  197.37846     -7.00   197.44012     -8.10
 197.64594    -1.30  197.63153     5.80  197.61937     -7.20   197.70752     -8.20
 197.80113    -2.30  197.78104     5.90  197.76486     -6.70   197.83041     -8.10
 198.02834    -1.40  198.02254     6.90  198.01376     -8.40   198.07451     -8.30
 198.17914    -2.20  198.15424     6.10  198.13907     -7.90   198.22430     -8.50
 198.44943    -3.10  198.44873     6.00  198.43376     -8.10   198.47931     -8.00
 198.60393    -1.90  198.61043     6.30  198.56686     -7.70   198.61630     -7.80
 198.82492    -2.40  198.81262     5.60  198.80257     -8.70   198.87190     -7.90
 198.96613    -2.60  198.97162     5.90  198.94746     -8.00   199.00700     -8.70
 199.18913    -3.20  199.18752     6.10  199.19266     -7.80   199.23311     -8.50
 199.35403    -1.50  199.37772     5.70  199.35596     -8.10   199.39801     -8.30
 199.61794    -1.20  199.61551     5.80  199.60046     -8.50   199.66650     -8.10
 199.75464    -1.80  199.76311     6.80  199.72246     -7.60   199.78661     -7.50
