   0.00000    21.70    0.00000    15.90    0.00000     -2.30     0.00000     -1.50
   0.19531    35.50    0.19531    38.90    0.19531      1.20     0.19531      0.70
   0.39062    24.20    0.39062    22.90    0.39062     -2.40     0.39062     -2.60
   0.58594    23.00    0.58594    15.70    0.58594     -2.70     0.58594     -1.80
   0.78125    23.60    0.78125    -5.20    0.78125     -2.60     0.78125     -2.50
   0.97656    23.80    0.97656    -9.10    0.97656     -2.50     0.97656     -0.60
   1.17188    23.00    1.17188   -16.00    1.17188     -3.20     1.17188     -2.40
   1.36719    23.00    1.36719   -20.50    1.36719     -3.40     1.36719     -2.20
   1.56250    21.80    1.56250   -29.60    1.56250     -2.80     1.56250     -2.50
   1.75781    21.70    1.75781   -32.60    1.75781     -2.80     1.75781     -2.20
   1.95312    22.20    1.95312   -32.90    1.95312     -2.80     1.95312     -1.40
   2.14844    22.30    2.14844   -28.80    2.14844     -2.40     2.14844     -1.70
   2.34375    22.80    2.34375   -17.80    2.34375     -2.30     2.34375     -3.10
   2.53906    23.20    2.53906   -13.10    2.53906     -2.60     2.53906     -2.50
   2.73438    21.50    2.73438   -12.30    2.73438     -2.50     2.73438     -2.20
   2.92969    20.90    2.92969   -15.20    2.92969     -2.80     2.92969     -2.50
   3.12500    19.70    3.12500   -25.60    3.12500     -1.40     3.12500     -2.40
   3.32031    19.90    3.32031   -28.60    3.32031     -2.00     3.32031     -1.70
   3.51562    17.90    3.51562   -32.60    3.51562     -2.00     3.51562     -2.20
   3.71094    17.40    3.71094   -33.30    3.71094     -3.10     3.71094     -2.00
   3.90625    15.00    3.90625   -32.40    3.90625     -3.40     3.90625     -1.30
   4.10156    13.20    4.10156   -32.40    4.10156     -3.30     4.10156     -2.50
   4.29688    10.50    4.29688   -31.50    4.29688     -3.10     4.29688     -2.30
   4.49219    10.80    4.49219   -30.60    4.49219     -2.80     4.49219     -1.70
   4.68750    10.90    4.68750   -31.50    4.68750     -2.90     4.68750     -2.80
   4.88281    12.60    4.88281   -31.90    4.88281     -2.60     4.88281     -2.60
   5.07812    17.80    5.07812   -32.80    5.07812     -2.30     5.07812     -2.10
   5.27344    23.30    5.27344   -33.30    5.27344     -2.40     5.27344     -1.90
   5.46875    31.10    5.46875   -33.70    5.46875     -2.90     5.46875     -2.50
   5.66406    35.40    5.66406   -33.40    5.66406     -3.20     5.66406     -2.70
   5.85938    40.10    5.85938   -34.10    5.85938     -3.00     5.85938     -1.80
   6.05469    40.20    6.05469   -34.50    6.05469     -2.90     6.05469     -2.50
   6.25000    40.20    6.25000   -36.20    6.25000     -3.00     6.25000     -1.90
   6.44531    38.30    6.44531   -36.50    6.44531     -2.80     6.44531     -1.30
   6.64062    35.10    6.64062   -36.80    6.64062     -3.40     6.64062     -1.80
   6.83594    33.20    6.83594   -36.40    6.83594     -3.00     6.83594     -3.40
   7.03125    29.80    7.03125   -36.70    7.03125     -2.50     7.03125     -2.70
   7.22656    28.50    7.22656   -35.10    7.22656     -2.60     7.22656     -1.30
   7.42188    27.30    7.42188   -36.00    7.42188     -2.30     7.42188     -1.80
   7.61719    24.90    7.61719   -36.50    7.61719     -2.70     7.61719     -1.90
   7.81250    23.60    7.81250   -37.60    7.81250     -2.00     7.81250     -2.80
   8.00781    23.70    8.00781   -38.30    8.00781     -3.00     8.00781     -1.70
   8.20312    22.40    8.20312   -38.50    8.20312     -2.60     8.20312     -2.30
   8.39844    22.00    8.39844   -38.90    8.39844     -2.90     8.39844     -2.50
   8.59375    20.50    8.59375   -39.10    8.59375     -3.30     8.59375     -3.20
   8.78906    19.20    8.78906   -39.60    8.78906     -2.80     8.78906     -3.00
   8.98438    18.60    8.98438   -40.40    8.98438     -3.30     8.98438     -3.00
   9.17969    19.30    9.17969   -40.80    9.17969     -2.40     9.17969      1.50
   9.37500    21.70    9.37500   -40.70    9.37500     -2.50     9.37500     -2.10
   9.57031    22.60    9.57031   -41.40    9.57031     -2.60     9.57031     -2.20
   9.76562    27.10    9.76562   -40.70    9.76562     -2.80     9.76562     -2.50
   9.96094    29.30    9.96094   -41.80    9.96094     -2.30     9.96094     -1.60
  10.15625    32.90   10.15625   -41.60   10.15625     -2.90    10.15625     -1.90
  10.35156    34.00   10.35156   -41.50   10.35156     -3.40    10.35156     -1.80
  10.54688    28.50   10.54688   -41.50   10.54688     -4.10    10.54688     -2.30
  10.74219    21.70   10.74219   -41.40   10.74219     -3.00    10.74219     -2.10
  10.93750     3.70   10.93750   -42.80   10.93750     -2.60    10.93750     -2.50
  11.13281    -1.00   11.13281   -42.50   11.13281     -2.90    11.13281     -2.70
  11.32812   -13.40   11.32812   -43.10   11.32812     -3.20    11.32812     -2.20
  11.52344   -19.30   11.52344   -42.80   11.52344     -2.70    11.52344     -2.30
  11.71875   -30.60   11.71875   -43.00   11.71875     -3.00    11.71875     -2.30
  11.91406   -33.90   11.91406   -42.60   11.91406     -2.90    11.91406     -1.60
  12.10938   -37.00   12.10938   -43.70   12.10938     -2.30    12.10938     -2.70
  12.30469   -34.70   12.30469   -42.90   12.30469     -2.60    12.30469     -2.50
  12.50000   -24.20   12.50000   -39.20   12.50000     -1.60    12.50000     -1.40
  12.69531   -20.60   12.69531   -35.40   12.69531     -2.30    12.69531     -2.60
  12.89062   -13.20   12.89062   -10.70   12.89062     -2.10    12.89062     -1.80
  13.08594   -13.30   13.08594     1.40   13.08594     -2.20    13.08594     -2.80
  13.28125   -19.30   13.28125    32.20   13.28125     -2.30    13.28125     -2.30
  13.47656   -23.00   13.47656    44.30   13.47656     -2.20    13.47656     -2.30
  13.67188   -28.50   13.67188    60.70   13.67188     -3.00    13.67188     -2.10
  13.86719   -30.90   13.86719    66.50   13.86719     -2.90    13.86719     -1.10
  14.06250   -32.00   14.06250    70.00   14.06250     -2.80    14.06250     -2.30
  14.25781   -32.50   14.25781    67.00   14.25781     -2.50    14.25781     -2.70
  14.45312   -33.90   14.45312    50.70   14.45312     -2.90    14.45312     -1.90
  14.64844   -34.40   14.64844    39.40   14.64844     -3.30    14.64844     -2.30
  14.84375   -33.70   14.84375    25.80   14.84375     -2.60    14.84375     -1.80
  15.03906   -33.50   15.03906    24.60   15.03906     -3.00    15.03906     -1.90
  15.23438   -34.70   15.23438    22.70   15.23438     -2.40    15.23438     -2.20
  15.42969   -35.70   15.42969    23.40   15.42969     -3.50    15.42969     -2.60
  15.62500   -36.60   15.62500    21.90   15.62500     -3.20    15.62500     -2.40
  15.82031   -37.40   15.82031    21.60   15.82031     -2.30    15.82031     -2.70
  16.01562   -36.30   16.01562    19.90   16.01562     -3.30    16.01562     -2.60
  16.21094   -36.10   16.21094    20.20   16.21094     -3.20    16.21094     -2.60
  16.40625   -36.50   16.40625    19.10   16.40625     -2.90    16.40625     -1.40
  16.60156   -36.90   16.60156    20.10   16.60156     -3.50    16.60156     -2.80
  16.79688   -38.00   16.79688    19.60   16.79688     -3.00    16.79688     -1.80
  16.99219   -38.20   16.99219    19.00   16.99219     -3.00    16.99219     -2.40
  17.18750   -37.20   17.18750    19.70   17.18750     -2.40    17.18750     -2.60
  17.38281   -37.20   17.38281    19.80   17.38281     -2.70    17.38281     -2.70
  17.57812   -38.00   17.57812    19.40   17.57812     -3.10    17.57812     -3.00
  17.77344   -37.10   17.77344    19.30   17.77344     -3.10    17.77344     -2.10
  17.96875   -39.40   17.96875    18.10   17.96875     -3.20    17.96875     -2.20
  18.16406   -39.60   18.16406    16.40   18.16406     -2.00    18.16406     -2.70
  18.35938   -40.80   18.35938    15.30   18.35938     -1.80    18.35938     -2.20
  18.55469   -40.90   18.55469    13.30   18.55469     -2.10    18.55469     -2.60
  18.75000   -41.20   18.75000    11.10   18.75000     -2.30    18.75000     -2.50
  18.94531   -40.50   18.94531    11.50   18.94531     -2.80    18.94531     -1.90
  19.14062   -41.00   19.14062    11.80   19.14062     -2.60    19.14062     -1.00
  19.33594   -41.30   19.33594    13.90   19.33594     -2.90    19.33594     -1.30
  19.53125   -42.40   19.53125    20.10   19.53125     -3.30    19.53125     -2.00
  19.72656   -43.30   19.72656    24.30   19.72656     -3.00    19.72656     -2.10
  19.92188   -43.30   19.92188    31.80   19.92188     -3.40    19.92188     -2.70
  20.11719   -44.00   20.11719    36.50   20.11719     -2.90    20.11719     -3.30
  20.31250   -43.80   20.31250    36.10   20.31250     -2.80    20.31250     -2.60
  20.50781   -43.50   20.50781    37.10   20.50781     -2.80    20.50781     -3.70
  20.70312   -42.30   20.70312    35.20   20.70312     -3.20    20.70312     -3.10
  20.89844   -43.40   20.89844    34.00   20.89844     -3.20    20.89844     -2.40
  21.09375   -43.70   21.09375    32.10   21.09375     -2.60    21.09375     -3.00
  21.28906   -44.50   21.28906    31.90   21.28906     -3.60    21.28906     -3.10
  21.48438   -44.20   21.48438    28.40   21.48438     -3.20    21.48438     -2.90
  21.67969   -44.10   21.67969    27.40   21.67969     -4.20    21.67969     -3.50
  21.87500   -44.30   21.87500    24.80   21.87500     -3.20    21.87500     -3.00
  22.07031   -44.40   22.07031    24.80   22.07031     -3.10    22.07031     -2.00
  22.26562   -44.40   22.26562    23.30   22.26562     -2.60    22.26562     -3.10
  22.46094   -44.50   22.46094    20.80   22.46094     -2.80    22.46094     -2.90
  22.65625   -41.20   22.65625    18.70   22.65625     -3.00    22.65625     -2.00
  22.85156   -37.00   22.85156    18.80   22.85156     -2.90    22.85156     -3.00
  23.04688   -19.80   23.04688    18.80   23.04688     -2.90    23.04688     -2.00
  23.24219    -1.30   23.24219    19.00   23.24219     -3.30    23.24219     -1.80
  23.43750    25.30   23.43750    20.40   23.43750     -3.00    23.43750     -3.00
  23.63281    37.80   23.63281    22.20   23.63281     -2.80    23.63281     -1.70
  23.82812    59.60   23.82812    24.10   23.82812     -2.70    23.82812     -1.90
  24.02344    67.80   24.02344    25.10   24.02344     -3.10    24.02344     -1.60
  24.21875    74.10   24.21875    29.60   24.21875     -3.30    24.21875     -2.70
  24.41406    71.70   24.41406    30.60   24.41406     -3.10    24.41406     -2.30
  24.60938    56.00   24.60938    34.40   24.60938     -3.10    24.60938     -2.20
  24.80469    46.10   24.80469    36.20   24.80469     -3.60    24.80469     -2.80
  25.00000    28.90   25.00000    32.80   25.00000     -2.40    25.00000     -2.20
  25.19531    25.20   25.19531    28.60   25.19531     -3.50    25.19531     -2.70
  25.39062    21.80   25.39062    10.80   25.39062     -2.90    25.39062     -1.50
  25.58594    22.50   25.58594     0.40   25.58594     -2.40    25.58594     -1.80
  25.78125    23.40   25.78125   -12.10   25.78125     -2.10    25.78125     -2.90
  25.97656    23.50   25.97656   -14.80   25.97656     -1.90    25.97656     -2.50
  26.17188    23.90   26.17188   -22.40   26.17188     -2.30    26.17188     -2.60
  26.36719    23.20   26.36719   -27.80   26.36719     -3.10    26.36719     -2.70
  26.56250    21.90   26.56250   -34.20   26.56250     -2.80    26.56250     -2.80
  26.75781    21.90   26.75781   -34.70   26.75781     -3.80    26.75781     -2.40
  26.95312    22.00   26.95312   -26.40   26.95312     -3.20    26.95312     -1.90
  27.14844    22.40   27.14844   -21.70   27.14844     -3.50    27.14844     -2.60
  27.34375    21.80   27.34375   -11.80   27.34375     -2.00    27.34375     -2.20
  27.53906    21.00   27.53906   -11.50   27.53906     -2.90    27.53906     -2.70
  27.73438    20.20   27.73438   -16.20   27.73438     -2.70    27.73438     -2.00
  27.92969    19.90   27.92969   -22.50   27.92969     -2.60    27.92969     -1.90
  28.12500    18.20   28.12500   -30.90   28.12500     -2.70    28.12500     -1.20
  28.32031    18.10   28.32031   -32.20   28.32031     -2.60    28.32031     -1.90
  28.51562    17.20   28.51562   -33.40   28.51562     -2.40    28.51562     -1.40
  28.71094    16.20   28.71094   -32.40   28.71094     -2.60    28.71094     -1.20
  28.90625    14.30   28.90625   -31.50   28.90625     -2.30    28.90625     -1.90
  29.10156    13.20   29.10156   -31.40   29.10156     -3.20    29.10156     -2.00
  29.29688    11.60   29.29688   -31.10   29.29688     -2.20    29.29688     -2.50
  29.49219    11.40   29.49219   -30.80   29.49219     -3.40    29.49219     -2.60
  29.68750    14.50   29.68750   -32.10   29.68750     -2.50    29.68750     -2.90
  29.88281    17.00   29.88281   -32.90   29.88281     -2.60    29.88281     -3.00
  30.07812    24.80   30.07812   -33.90   30.07812     -3.40    30.07812     -3.20
  30.27344    29.40   30.27344   -34.40   30.27344     -2.70    30.27344     -2.00
  30.46875    35.90   30.46875   -34.60   30.46875     -2.70    30.46875     -1.40
  30.66406    37.50   30.66406   -34.90   30.66406     -2.60    30.66406     -2.30
  30.85938    39.60   30.85938   -34.90   30.85938     -2.90    30.85938     -2.30
  31.05469    39.10   31.05469   -35.60   31.05469     -3.10    31.05469     -1.60
  31.25000    38.40   31.25000   -37.70   31.25000     -3.40    31.25000     -2.80
  31.44531    35.80   31.44531   -37.20   31.44531     -3.40    31.44531     -3.00
  31.64062    32.40   31.64062   -37.70   31.64062     -2.70    31.64062     -2.90
  31.83594    30.90   31.83594   -36.90   31.83594     -2.80    31.83594     -2.00
  32.03125    27.90   32.03125   -36.40   32.03125     -1.90    32.03125     -2.70
  32.22656    27.00   32.22656   -36.70   32.22656     -2.60    32.22656     -2.80
  32.42188    25.20   32.42188   -37.50   32.42188     -2.90    32.42188     -2.70
  32.61719    24.40   32.61719   -37.60   32.61719     -1.80    32.61719     -2.50
  32.81250    23.00   32.81250   -39.00   32.81250     -2.80    32.81250     -2.80
  33.00781    21.90   33.00781   -39.50   33.00781     -3.30    33.00781     -2.70
  33.20312    20.60   33.20312   -39.20   33.20312     -2.30    33.20312     -2.90
  33.39844    20.10   33.39844   -39.60   33.39844     -2.80    33.39844     -2.80
  33.59375    18.50   33.59375   -40.10   33.59375     -3.40    33.59375     -3.70
  33.78906    19.00   33.78906   -40.20   33.78906     -3.00    33.78906     -3.00
  33.98438    19.60   33.98438   -40.10   33.98438     -3.30    33.98438     -3.10
  34.17969    20.70   34.17969   -40.40   34.17969     -2.50    34.17969     -2.80
  34.37500    25.20   34.37500   -40.70   34.37500     -2.50    34.37500     -2.60
  34.57031    26.60   34.57031   -41.20   34.57031     -2.70    34.57031     -2.20
  34.76562    31.30   34.76562   -40.80   34.76562     -2.90    34.76562     -2.00
  34.96094    33.30   34.96094   -40.60   34.96094     -3.00    34.96094     -2.10
  35.15625    34.10   35.15625   -41.10   35.15625     -3.40    35.15625     -2.60
  35.35156    31.30   35.35156   -41.80   35.35156     -3.30    35.35156     -1.30
  35.54688    21.90   35.54688   -41.50   35.54688     -2.10    35.54688     -2.80
  35.74219     9.50   35.74219   -42.10   35.74219     -2.20    35.74219     -2.40
  35.93750    -5.10   35.93750   -42.50   35.93750     -2.40    35.93750     -3.00
  36.13281   -11.60   36.13281   -43.00   36.13281     -2.90    36.13281     -2.70
  36.32812   -21.30   36.32812   -42.80   36.32812     -2.20    36.32812     -2.80
  36.52344   -27.50   36.52344   -41.90   36.52344     -2.50    36.52344     -1.90
  36.71875   -36.20   36.71875   -42.60   36.71875     -2.20    36.71875     -2.40
  36.91406   -37.10   36.91406   -42.70   36.91406     -2.40    36.91406     -0.90
  37.10938   -35.10   37.10938   -43.50   37.10938     -2.20    37.10938     -2.60
  37.30469   -29.10   37.30469   -42.60   37.30469     -2.10    37.30469     -2.40
  37.50000   -17.50   37.50000   -32.30   37.50000     -2.10    37.50000     -2.60
  37.69531   -14.20   37.69531   -24.00   37.69531     -3.40    37.69531     -2.40
  37.89062   -13.80   37.89062     4.50   37.89062     -3.30    37.89062     -3.00
  38.08594   -16.90   38.08594    19.70   38.08594     -2.90    38.08594     -3.30
  38.28125   -23.50   38.28125    45.60   38.28125     -2.30    38.28125     -3.30
  38.47656   -25.40   38.47656    52.90   38.47656     -2.90    38.47656     -2.90
  38.67188   -29.80   38.67188    66.80   38.67188     -2.70    38.67188     -2.70
  38.86719   -31.90   38.86719    71.20   38.86719     -2.40    38.86719     -2.70
  39.06250   -32.50   39.06250    65.40   39.06250     -2.50    39.06250     -2.10
  39.25781   -33.00   39.25781    60.30   39.25781     -1.90    39.25781     -2.60
  39.45312   -33.40   39.45312    38.80   39.45312     -2.20    39.45312     -1.30
  39.64844   -33.20   39.64844    29.60   39.64844     -1.40    39.64844     -1.90
  39.84375   -34.70   39.84375    22.60   39.84375     -2.60    39.84375     -2.00
  40.03906   -34.40   40.03906    21.60   40.03906     -2.00    40.03906     -2.80
  40.23438   -35.60   40.23438    22.40   40.23438     -2.30    40.23438     -2.40
  40.42969   -36.10   40.42969    22.60   40.42969     -2.30    40.42969     -2.00
  40.62500   -36.20   40.62500    21.20   40.62500     -2.70    40.62500     -1.90
  40.82031   -36.40   40.82031    21.70   40.82031     -2.40    40.82031     -2.60
  41.01562   -35.90   41.01562    20.50   41.01562     -2.90    41.01562     -1.60
  41.21094   -35.80   41.21094    20.30   41.21094     -2.40    41.21094     -3.00
  41.40625   -36.70   41.40625    20.50   41.40625     -2.80    41.40625     -2.10
  41.60156   -37.00   41.60156    20.30   41.60156     -2.90    41.60156     -2.40
  41.79688   -38.50   41.79688    20.20   41.79688     -2.40    41.79688     -2.00
  41.99219   -37.50   41.99219    19.60   41.99219     -2.50    41.99219     -1.90
  42.18750   -37.60   42.18750    19.20   42.18750     -2.90    42.18750     -2.90
  42.38281   -36.70   42.38281    19.50   42.38281     -2.00    42.38281     -2.50
  42.57812   -37.60   42.57812    17.60   42.57812     -2.40    42.57812     -1.90
  42.77344   -38.00   42.77344    18.10   42.77344     -1.60    42.77344     -0.50
  42.96875   -39.50   42.96875    16.90   42.96875     -2.80    42.96875     -2.10
  43.16406   -40.10   43.16406    16.60   43.16406     -3.00    43.16406     -2.60
  43.35938   -40.60   43.35938    14.30   43.35938     -2.80    43.35938     -2.50
  43.55469   -41.30   43.55469    13.00   43.55469     -3.00    43.55469     -2.20
  43.75000   -41.10   43.75000    10.70   43.75000     -2.90    43.75000     -2.50
  43.94531   -40.70   43.94531    11.20   43.94531     -3.30    43.94531     -2.20
  44.14062   -41.60   44.14062    13.50   44.14062     -2.80    44.14062     -2.10
  44.33594   -41.80   44.33594    16.60   44.33594     -3.00    44.33594     -2.50
  44.53125   -42.70   44.53125    24.90   44.53125     -2.80    44.53125     -2.90
  44.72656   -42.90   44.72656    30.60   44.72656     -2.90    44.72656     -3.00
  44.92188   -43.80   44.92188    34.00   44.92188     -2.30    44.92188     -2.20
  45.11719   -43.30   45.11719    36.00   45.11719     -2.60    45.11719     -3.10
  45.31250   -43.20   45.31250    36.00   45.31250     -2.30    45.31250     -2.90
  45.50781   -42.90   45.50781    36.60   45.50781     -1.50    45.50781     -2.70
  45.70312   -44.00   45.70312    34.80   45.70312     -2.80    45.70312     -2.80
  45.89844   -43.40   45.89844    33.40   45.89844     -2.80    45.89844     -2.80
  46.09375   -43.00   46.09375    31.20   46.09375     -2.50    46.09375     -1.80
  46.28906   -43.30   46.28906    29.50   46.28906     -2.80    46.28906     -1.90
  46.48438   -44.10   46.48438    27.30   46.48438     -3.10    46.48438     -1.80
  46.67969   -43.00   46.67969    26.60   46.67969     -2.90    46.67969     -2.50
  46.87500   -42.80   46.87500    25.60   46.87500     -2.10    46.87500     -3.00
  47.07031   -43.10   47.07031    24.50   47.07031     -2.70    47.07031     -3.00
  47.26562   -44.30   47.26562    22.90   47.26562     -2.80    47.26562     -2.90
  47.46094   -43.70   47.46094    21.70   47.46094     -2.20    47.46094     -3.30
  47.65625   -39.90   47.65625    19.70   47.65625     -1.70    47.65625     -2.10
  47.85156   -30.70   47.85156    19.50   47.85156     -3.40    47.85156     -1.70
  48.04688    -9.30   48.04688    19.50   48.04688     -3.10    48.04688     -2.00
  48.24219     7.90   48.24219    19.90   48.24219     -3.10    48.24219     -1.70
  48.43750    30.90   48.43750    21.30   48.43750     -3.00    48.43750     -2.50
  48.63281    45.90   48.63281    21.20   48.63281     -2.70    48.63281     -2.20
  48.82812    64.70   48.82812    24.20   48.82812     -3.00    48.82812     -2.70
  49.02344    70.90   49.02344    26.30   49.02344     -1.30    49.02344     -3.10
  49.21875    73.80   49.21875    31.20   49.21875     -2.80    49.21875     -2.90
  49.41406    67.80   49.41406    33.20   49.41406     -2.50    49.41406     -2.00
  49.60938    52.10   49.60938    36.20   49.60938     -2.70    49.60938     -3.10
  49.80469    42.30   49.80469    36.70   49.80469     -2.90    49.80469     -2.50
  50.00000    30.00   50.00000    31.70   50.00000     -2.80    50.00000     -2.50
  50.19531    23.90   50.19531    22.40   50.19531     -3.30    50.19531     -3.00
  50.39062    23.30   50.39062     5.20   50.39062     -2.70    50.39062     -2.20
  50.58594    23.20   50.58594    -2.90   50.58594     -3.20    50.58594     -2.00
  50.78125    23.30   50.78125   -11.60   50.78125     -3.60    50.78125     -2.80
  50.97656    23.70   50.97656   -15.00   50.97656     -2.20    50.97656     -3.10
  51.17188    23.00   51.17188   -23.20   51.17188     -2.80    51.17188     -2.60
  51.36719    22.50   51.36719   -27.20   51.36719     -2.40    51.36719     -1.80
  51.56250    23.20   51.56250   -33.30   51.56250     -2.70    51.56250     -2.20
  51.75781    22.00   51.75781   -33.60   51.75781     -2.60    51.75781     -2.10
  51.95312    22.40   51.95312   -26.00   51.95312     -3.00    51.95312     -1.00
  52.14844    22.80   52.14844   -19.80   52.14844     -3.30    52.14844     -2.20
  52.34375    23.00   52.34375   -12.70   52.34375     -2.60    52.34375     -1.80
  52.53906    22.00   52.53906   -12.10   52.53906     -3.10    52.53906     -1.90
  52.73438    21.50   52.73438   -19.00   52.73438     -2.90    52.73438     -2.20
  52.92969    19.50   52.92969   -23.40   52.92969     -2.70    52.92969     -1.70
  53.12500    18.90   53.12500   -30.70   53.12500     -2.80    53.12500     -2.00
  53.32031    18.10   53.32031   -31.90   53.32031     -2.60    53.32031     -1.70
  53.51562    16.80   53.51562   -32.10   53.51562     -3.70    53.51562     -1.70
  53.71094    14.90   53.71094   -33.10   53.71094     -3.20    53.71094     -2.40
  53.90625    12.70   53.90625   -31.80   53.90625     -3.60    53.90625     -2.80
  54.10156    11.90   54.10156   -30.80   54.10156     -3.10    54.10156     -2.50
  54.29688    10.70   54.29688   -31.50   54.29688     -2.60    54.29688     -2.40
  54.49219    11.00   54.49219   -31.10   54.49219     -3.00    54.49219     -2.80
  54.68750    14.10   54.68750   -32.70   54.68750     -2.80    54.68750     -3.00
  54.88281    16.60   54.88281   -33.80   54.88281     -2.80    54.88281     -3.50
  55.07812    25.10   55.07812   -35.50   55.07812     -3.30    55.07812     -3.80
  55.27344    29.80   55.27344   -34.50   55.27344     -4.20    55.27344     -3.50
  55.46875    35.80   55.46875   -35.10   55.46875     -3.00    55.46875     -2.60
  55.66406    38.60   55.66406   -33.90   55.66406     -3.50    55.66406     -2.00
  55.85938    40.50   55.85938   -35.00   55.85938     -2.40    55.85938     -2.00
  56.05469    39.20   56.05469   -35.60   56.05469     -3.10    56.05469     -2.70
  56.25000    37.60   56.25000   -36.70   56.25000     -3.40    56.25000     -2.60
  56.44531    35.30   56.44531   -37.40   56.44531     -3.00    56.44531     -2.30
  56.64062    31.80   56.64062   -36.70   56.64062     -3.50    56.64062     -2.60
  56.83594    30.80   56.83594   -37.00   56.83594     -2.80    56.83594     -2.50
  57.03125    28.40   57.03125   -36.70   57.03125     -3.20    57.03125     -2.90
  57.22656    27.30   57.22656   -37.10   57.22656     -3.20    57.22656     -2.70
  57.42188    25.60   57.42188   -37.40   57.42188     -3.00    57.42188     -2.50
  57.61719    24.00   57.61719   -38.80   57.61719     -2.70    57.61719     -2.30
  57.81250    22.10   57.81250   -39.10   57.81250     -2.50    57.81250     -3.00
  58.00781    22.10   58.00781   -39.60   58.00781     -2.60    58.00781     -2.70
  58.20312    20.80   58.20312   -39.30   58.20312     -2.90    58.20312     -3.00
  58.39844    19.80   58.39844   -39.20   58.39844     -3.00    58.39844     -2.60
  58.59375    18.80   58.59375   -39.50   58.59375     -2.70    58.59375     -2.50
  58.78906    18.70   58.78906   -40.20   58.78906     -1.60    58.78906     -2.30
  58.98438    19.30   58.98438   -40.90   58.98438     -2.20    58.98438     -2.40
  59.17969    21.20   59.17969   -41.30   59.17969     -2.30    59.17969     -3.10
  59.37500    24.90   59.37500   -41.40   59.37500     -2.80    59.37500     -1.20
  59.57031    27.20   59.57031   -41.40   59.57031     -2.30    59.57031     -0.40
  59.76562    31.30   59.76562   -39.90   59.76562     -3.00    59.76562     -3.00
  59.96094    33.20   59.96094   -40.90   59.96094     -2.60    59.96094     -2.30
  60.15625    32.40   60.15625   -41.30   60.15625     -2.60    60.15625     -2.50
  60.35156    25.30   60.35156   -41.40   60.35156     -2.80    60.35156     -2.70
  60.54688    13.10   60.54688   -41.60   60.54688     -2.80    60.54688     -2.40
  60.74219     2.90   60.74219   -41.80   60.74219     -3.80    60.74219     -2.30
  60.93750   -11.30   60.93750   -42.70   60.93750     -2.40    60.93750     -2.00
  61.13281   -16.70   61.13281   -43.10   61.13281     -2.50    61.13281     -1.90
  61.32812   -25.80   61.32812   -42.70   61.32812     -2.20    61.32812     -2.30
  61.52344   -32.40   61.52344   -43.20   61.52344     -3.30    61.52344     -2.30
  61.71875   -38.20   61.71875   -43.10   61.71875     -2.70    61.71875     -2.40
  61.91406   -36.80   61.91406   -42.90   61.91406     -2.60    61.91406     -1.90
  62.10938   -30.30   62.10938   -41.40   62.10938     -2.30    62.10938     -1.30
  62.30469   -23.50   62.30469   -39.30   62.30469     -2.20    62.30469     -2.50
  62.50000   -14.90   62.50000   -24.20   62.50000     -2.90    62.50000     -2.00
  62.69531   -13.50   62.69531    -8.30   62.69531     -2.60    62.69531     -1.80
  62.89062   -16.00   62.89062    17.50   62.89062     -2.80    62.89062     -2.70
  63.08594   -20.70   63.08594    35.30   63.08594     -2.50    63.08594     -2.40
  63.28125   -25.30   63.28125    54.40   63.28125     -2.50    63.28125     -3.10
  63.47656   -28.90   63.47656    64.40   63.47656     -3.00    63.47656     -2.50
  63.67188   -31.20   63.67188    70.30   63.67188     -2.90    63.67188     -3.20
  63.86719   -32.50   63.86719    69.30   63.86719     -3.10    63.86719     -3.00
  64.06250   -32.80   64.06250    58.30   64.06250     -2.20    64.06250     -3.00
  64.25781   -33.50   64.25781    47.70   64.25781     -2.60    64.25781     -3.00
  64.45312   -34.20   64.45312    30.80   64.45312     -3.00    64.45312     -2.40
  64.64844   -35.00   64.64844    26.60   64.64844     -2.50    64.64844     -2.50
  64.84375   -35.00   64.84375    22.50   64.84375     -3.20    64.84375     -2.40
  65.03906   -35.60   65.03906    22.30   65.03906     -3.30    65.03906     -2.10
  65.23438   -36.50   65.23438    22.40   65.23438     -2.50    65.23438     -3.00
  65.42969   -35.90   65.42969    21.70   65.42969     -3.60    65.42969     -2.80
  65.62500   -35.90   65.62500    20.30   65.62500     -3.10    65.62500     -2.30
  65.82031   -35.70   65.82031    20.30   65.82031     -2.60    65.82031     -3.20
  66.01562   -35.70   66.01562    20.20   66.01562     -3.20    66.01562     -2.90
  66.21094   -36.40   66.21094    20.00   66.21094     -2.10    66.21094     -2.40
  66.40625   -37.60   66.40625    20.30   66.40625     -3.40    66.40625     -3.20
  66.60156   -38.10   66.60156    19.30   66.60156     -3.20    66.60156     -2.60
  66.79688   -37.30   66.79688    19.50   66.79688     -2.70    66.79688     -2.40
  66.99219   -37.60   66.99219    19.50   66.99219     -2.20    66.99219     -2.70
  67.18750   -37.70   67.18750    19.10   67.18750     -2.70    67.18750     -2.00
  67.38281   -37.40   67.38281    18.50   67.38281     -3.20    67.38281     -2.40
  67.57812   -38.30   67.57812    18.20   67.57812     -3.30    67.57812     -2.80
  67.77344   -38.90   67.77344    17.70   67.77344     -3.50    67.77344     -2.50
  67.96875   -40.50   67.96875    16.20   67.96875     -3.30    67.96875     -1.90
  68.16406   -40.80   68.16406    14.00   68.16406     -2.80    68.16406     -2.00
  68.35938   -41.80   68.35938    12.10   68.35938     -2.70    68.35938     -2.40
  68.55469   -41.40   68.55469    11.60   68.55469     -2.50    68.55469     -2.80
  68.75000   -41.00   68.75000    11.10   68.75000     -2.80    68.75000     -1.90
  68.94531   -42.00   68.94531    13.00   68.94531     -2.80    68.94531     -2.40
  69.14062   -42.80   69.14062    17.80   69.14062     -2.30    69.14062     -1.90
  69.33594   -43.30   69.33594    22.50   69.33594     -3.40    69.33594     -2.00
  69.53125   -43.70   69.53125    29.50   69.53125     -2.50    69.53125     -2.90
  69.72656   -43.50   69.72656    33.30   69.72656     -2.70    69.72656     -2.40
  69.92188   -43.40   69.92188    36.50   69.92188     -2.60    69.92188     -1.20
  70.11719   -43.20   70.11719    37.40   70.11719     -2.20    70.11719     -2.00
  70.31250   -42.90   70.31250    36.60   70.31250     -3.10    70.31250     -2.60
  70.50781   -43.00   70.50781    35.10   70.50781     -2.70    70.50781     -2.30
  70.70312   -43.20   70.70312    33.60   70.70312     -2.40    70.70312     -1.10
  70.89844   -43.90   70.89844    31.50   70.89844     -2.40    70.89844     -3.00
  71.09375   -43.90   71.09375    29.40   71.09375     -1.90    71.09375     -2.40
  71.28906   -43.70   71.28906    27.80   71.28906     -2.60    71.28906     -2.20
  71.48438   -44.30   71.48438    26.40   71.48438     -2.60    71.48438     -2.60
  71.67969   -44.10   71.67969    25.80   71.67969     -2.60    71.67969     -2.30
  71.87500   -44.50   71.87500    24.00   71.87500     -2.50    71.87500     -2.80
  72.07031   -44.00   72.07031    22.70   72.07031     -3.40    72.07031     -2.30
  72.26562   -42.60   72.26562    20.10   72.26562     -3.80    72.26562     -2.30
  72.46094   -40.40   72.46094    19.90   72.46094     -2.90    72.46094     -2.30
  72.65625   -29.00   72.65625    18.60   72.65625     -2.50    72.65625     -2.40
  72.85156   -14.40   72.85156    18.90   72.85156     -2.90    72.85156     -1.70
  73.04688     9.80   73.04688    19.30   73.04688     -3.60    73.04688     -2.20
  73.24219    24.50   73.24219    20.30   73.24219     -3.00    73.24219     -2.30
  73.43750    51.60   73.43750    22.10   73.43750     -2.10    73.43750     -2.50
  73.63281    62.10   73.63281    24.60   73.63281     -2.70    73.63281     -1.70
  73.82812    73.20   73.82812    27.70   73.82812     -2.80    73.82812     -1.80
  74.02344    74.70   74.02344    30.00   74.02344     -3.30    74.02344     -2.60
  74.21875    65.90   74.21875    34.10   74.21875     -3.10    74.21875     -2.80
  74.41406    55.70   74.41406    36.10   74.41406     -3.60    74.41406     -3.50
  74.60938    38.20   74.60938    36.50   74.60938     -3.10    74.60938     -2.20
  74.80469    29.70   74.80469    33.40   74.80469     -2.90    74.80469     -1.60
  75.00000    22.90   75.00000    17.80   75.00000     -2.60    75.00000     -2.20
  75.19531    23.10   75.19531     6.90   75.19531     -2.20    75.19531     -2.50
  75.39062    23.00   75.39062    -6.40   75.39062     -2.50    75.39062     -2.50
  75.58594    23.40   75.58594   -11.10   75.58594     -2.30    75.58594     -2.40
  75.78125    23.40   75.78125   -17.80   75.78125     -2.20    75.78125     -2.20
  75.97656    23.20   75.97656   -23.00   75.97656     -2.30    75.97656     -2.40
  76.17188    21.90   76.17188   -32.20   76.17188     -2.40    76.17188     -2.40
  76.36719    22.20   76.36719   -34.50   76.36719     -2.20    76.36719     -2.30
  76.56250    22.20   76.56250   -31.30   76.56250     -2.20    76.56250     -2.10
  76.75781    22.00   76.75781   -24.70   76.75781     -2.00    76.75781     -0.80
  76.95312    22.30   76.95312   -14.90   76.95312     -2.20    76.95312     -2.20
  77.14844    22.50   77.14844   -12.10   77.14844     -3.00    77.14844     -2.90
  77.34375    22.30   77.34375   -12.60   77.34375     -1.30    77.34375     -2.90
  77.53906    21.00   77.53906   -17.50   77.53906     -2.80    77.53906     -2.20
  77.73438    19.40   77.73438   -27.10   77.73438     -3.10    77.73438     -2.10
  77.92969    18.30   77.92969   -30.20   77.92969     -3.30    77.92969     -2.30
  78.12500    16.40   78.12500   -32.50   78.12500     -2.90    78.12500     -2.00
  78.32031    15.00   78.32031   -31.90   78.32031     -2.90    78.32031     -2.30
  78.51562    14.40   78.51562   -32.20   78.51562     -2.80    78.51562     -2.80
  78.71094    13.10   78.71094   -30.90   78.71094     -2.40    78.71094     -2.90
  78.90625    11.50   78.90625   -31.30   78.90625     -3.40    78.90625     -2.80
  79.10156    10.40   79.10156   -31.40   79.10156     -2.80    79.10156     -1.40
  79.29688    11.40   79.29688   -32.20   79.29688     -2.90    79.29688     -2.00
  79.49219    13.80   79.49219   -32.90   79.49219     -2.60    79.49219     -1.80
  79.68750    21.10   79.68750   -34.00   79.68750     -2.60    79.68750     -2.70
  79.88281    25.10   79.88281   -33.80   79.88281     -2.40    79.88281     -3.10
  80.07812    31.60   80.07812   -33.50   80.07812     -1.90    80.07812     -1.60
  80.27344    36.00   80.27344   -33.80   80.27344     -3.00    80.27344     -1.70
  80.46875    39.20   80.46875   -34.80   80.46875     -2.80    80.46875     -2.00
  80.66406    40.10   80.66406   -34.70   80.66406     -2.40    80.66406     -2.30
  80.85938    39.30   80.85938   -35.90   80.85938     -2.40    80.85938     -2.20
  81.05469    37.50   81.05469   -36.70   81.05469     -2.70    81.05469     -2.40
  81.25000    35.00   81.25000   -36.90   81.25000     -2.30    81.25000     -2.80
  81.44531    32.90   81.44531   -36.50   81.44531     -3.20    81.44531     -2.50
  81.64062    29.70   81.64062   -36.10   81.64062     -3.00    81.64062     -2.30
  81.83594    28.50   81.83594   -36.60   81.83594     -2.70    81.83594     -2.10
  82.03125    26.20   82.03125   -36.60   82.03125     -3.30    82.03125     -2.70
  82.22656    24.30   82.22656   -37.50   82.22656     -2.30    82.22656     -3.10
  82.42188    23.80   82.42188   -38.10   82.42188     -3.30    82.42188     -2.50
  82.61719    23.70   82.61719   -38.00   82.61719     -3.10    82.61719     -2.10
  82.81250    22.20   82.81250   -39.40   82.81250     -2.80    82.81250     -2.50
  83.00781    21.60   83.00781   -39.10   83.00781     -2.80    83.00781     -2.40
  83.20312    19.80   83.20312   -39.20   83.20312     -2.50    83.20312     -2.90
  83.39844    18.70   83.39844   -39.70   83.39844     -2.60    83.39844     -2.20
  83.59375    18.70   83.59375   -39.80   83.59375     -2.20    83.59375     -1.70
  83.78906    19.20   83.78906   -40.50   83.78906     -2.20    83.78906     -2.50
  83.98438    22.00   83.98438   -40.90   83.98438     -2.80    83.98438     -2.80
  84.17969    25.10   84.17969   -40.70   84.17969     -3.10    84.17969     -2.60
  84.37500    27.90   84.37500   -40.00   84.37500     -3.00    84.37500     -1.80
  84.57031    31.00   84.57031   -40.80   84.57031     -2.10    84.57031     -2.30
  84.76562    34.10   84.76562   -41.20   84.76562     -2.20    84.76562     -3.30
  84.96094    34.00   84.96094   -41.40   84.96094     -2.40    84.96094     -2.60
  85.15625    23.80   85.15625   -41.80   85.15625     -2.80    85.15625     -3.10
  85.35156    12.80   85.35156   -42.00   85.35156     -2.80    85.35156     -2.30
  85.54688    -0.20   85.54688   -41.30   85.54688     -2.30    85.54688     -1.90
  85.74219    -7.90   85.74219   -42.90   85.74219     -2.60    85.74219     -1.60
  85.93750   -16.50   85.93750   -42.70   85.93750     -2.30    85.93750     -2.30
  86.13281   -24.00   86.13281   -42.20   86.13281     -2.90    86.13281     -2.70
  86.32812   -32.60   86.32812   -42.60   86.32812     -2.90    86.32812     -2.20
  86.52344   -36.80   86.52344   -42.80   86.52344     -2.10    86.52344     -1.90
  86.71875   -37.20   86.71875   -42.90   86.71875     -2.50    86.71875     -2.00
  86.91406   -30.40   86.91406   -42.20   86.91406     -2.30    86.91406     -2.60
  87.10938   -20.90   87.10938   -35.90   87.10938     -2.10    87.10938     -1.80
  87.30469   -15.20   87.30469   -27.00   87.30469     -2.00    87.30469     -2.10
  87.50000   -12.80   87.50000    -7.60   87.50000     -2.70    87.50000     -2.30
  87.69531   -15.40   87.69531     9.60   87.69531     -2.40    87.69531     -2.70
  87.89062   -22.00   87.89062    37.20   87.89062     -1.80    87.89062     -2.10
  88.08594   -25.00   88.08594    46.60   88.08594     -1.80    88.08594     -2.40
  88.28125   -29.80   88.28125    63.00   88.28125     -2.10    88.28125     -2.10
  88.47656   -31.20   88.47656    68.80   88.47656     -2.20    88.47656     -2.60
  88.67188   -33.40   88.67188    68.60   88.67188     -3.10    88.67188     -3.10
  88.86719   -33.60   88.86719    61.70   88.86719     -3.10    88.86719     -2.10
  89.06250   -34.00   89.06250    43.20   89.06250     -3.20    89.06250     -2.90
  89.25781   -33.90   89.25781    32.70   89.25781     -2.50    89.25781     -3.00
  89.45312   -34.50   89.45312    23.20   89.45312     -2.80    89.45312     -1.80
  89.64844   -35.00   89.64844    22.00   89.64844     -2.70    89.64844     -2.80
  89.84375   -36.00   89.84375    22.80   89.84375     -2.40    89.84375     -2.60
  90.03906   -37.00   90.03906    22.30   90.03906     -2.80    90.03906     -3.00
  90.23438   -36.80   90.23438    22.00   90.23438     -1.90    90.23438     -1.60
  90.42969   -35.90   90.42969    21.30   90.42969     -2.80    90.42969     -2.50
  90.62500   -35.80   90.62500    20.90   90.62500     -3.00    90.62500     -2.10
  90.82031   -36.00   90.82031    20.20   90.82031     -1.90    90.82031     -2.80
  91.01562   -36.80   91.01562    19.50   91.01562     -2.20    91.01562     -2.50
  91.21094   -37.10   91.21094    20.90   91.21094     -2.60    91.21094     -2.10
  91.40625   -38.20   91.40625    20.50   91.40625     -2.70    91.40625     -1.90
  91.60156   -38.40   91.60156    19.90   91.60156     -3.50    91.60156     -2.80
  91.79688   -37.80   91.79688    20.10   91.79688     -2.90    91.79688     -2.60
  91.99219   -37.70   91.99219    19.50   91.99219     -3.70    91.99219     -2.90
  92.18750   -37.70   92.18750    19.40   92.18750     -1.80    92.18750     -2.60
  92.38281   -37.70   92.38281    18.30   92.38281     -3.30    92.38281     -2.40
  92.57812   -39.40   92.57812    17.40   92.57812     -3.10    92.57812     -2.70
  92.77344   -40.00   92.77344    16.70   92.77344     -2.80    92.77344     -1.60
  92.96875   -41.10   92.96875    14.70   92.96875     -2.00    92.96875     -2.50
  93.16406   -41.00   93.16406    13.30   93.16406     -2.30    93.16406     -1.50
  93.35938   -41.20   93.35938    10.60   93.35938     -3.20    93.35938     -2.60
  93.55469   -41.50   93.55469    10.70   93.55469     -2.80    93.55469     -2.80
  93.75000   -41.80   93.75000    12.50   93.75000     -3.10    93.75000     -2.40
  93.94531   -42.60   93.94531    14.60   93.94531     -2.90    93.94531     -2.20
  94.14062   -43.10   94.14062    20.90   94.14062     -2.70    94.14062     -2.30
  94.33594   -43.40   94.33594    25.10   94.33594     -2.40    94.33594     -2.20
  94.53125   -43.60   94.53125    33.30   94.53125     -2.10    94.53125     -2.40
  94.72656   -43.60   94.72656    35.00   94.72656     -2.80    94.72656     -1.70
  94.92188   -42.70   94.92188    37.80   94.92188     -2.20    94.92188     -2.50
  95.11719   -42.70   95.11719    37.30   95.11719     -2.60    95.11719     -2.20
  95.31250   -42.80   95.31250    36.00   95.31250     -2.20    95.31250     -2.50
  95.50781   -43.10   95.50781    34.70   95.50781     -2.70    95.50781     -2.30
  95.70312   -43.90   95.70312    32.30   95.70312     -2.50    95.70312     -2.10
  95.89844   -44.20   95.89844    30.80   95.89844     -2.90    95.89844     -2.10
  96.09375   -44.80   96.09375    29.20   96.09375     -2.10    96.09375     -1.60
  96.28906   -44.50   96.28906    28.00   96.28906     -2.60    96.28906     -2.10
  96.48438   -44.30   96.48438    25.60   96.48438     -2.20    96.48438     -1.70
  96.67969   -45.30   96.67969    25.40   96.67969     -3.40    96.67969     -2.50
  96.87500   -44.50   96.87500    23.10   96.87500     -3.50    96.87500     -3.00
  97.07031   -43.70   97.07031    21.60   97.07031     -3.10    97.07031     -2.80
  97.26562   -41.70   97.26562    20.20   97.26562     -3.10    97.26562     -2.80
  97.46094   -35.90   97.46094    19.10   97.46094     -2.70    97.46094     -2.20
  97.65625   -20.20   97.65625    18.50   97.65625     -3.00    97.65625     -2.40
  97.85156    -3.60   97.85156    19.30   97.85156     -3.80    97.85156     -2.50
  98.04688    24.90   98.04688    20.30   98.04688     -3.10    98.04688     -1.30
  98.24219    40.20   98.24219    21.40   98.24219     -2.90    98.24219     -2.10
  98.43750    60.90   98.43750    23.10   98.43750     -2.70    98.43750     -1.70
  98.63281    67.90   98.63281    25.10   98.63281     -2.40    98.63281     -1.90
  98.82812    75.40   98.82812    27.60   98.82812     -2.90    98.82812     -2.20
  99.02344    73.20   99.02344    30.20   99.02344     -2.90    99.02344     -3.30
  99.21875    61.10   99.21875    33.60   99.21875     -3.60    99.21875     -2.90
  99.41406    47.10   99.41406    34.90   99.41406     -3.20    99.41406     -3.00
  99.60938    32.10   99.60938    34.10   99.60938     -3.30    99.60938     -2.70
  99.80469    25.30   99.80469    28.20   99.80469     -3.10    99.80469     -2.00
 100.00000    22.30  100.00000    12.10  100.00000     -2.70   100.00000     -2.50
 100.19531    21.90  100.19531     2.20  100.19531     -2.80   100.19531     -3.00
 100.39062    23.10  100.39062    -8.20  100.39062     -3.10   100.39062     -2.10
 100.58594    23.60  100.58594   -12.80  100.58594     -1.70   100.58594     -1.30
 100.78125    23.10  100.78125   -18.80  100.78125     -2.00   100.78125     -2.30
 100.97656    22.90  100.97656   -25.10  100.97656     -2.60   100.97656     -2.50
 101.17188    22.20  101.17188   -33.40  101.17188     -2.50   101.17188     -2.60
 101.36719    21.90  101.36719   -34.70  101.36719     -2.50   101.36719      5.30
 101.56250    22.00  101.56250   -30.50  101.56250     -2.80   101.56250     -2.80
 101.75781    22.30  101.75781   -24.00  101.75781     -3.20   101.75781     -2.30
 101.95312    22.00  101.95312   -13.90  101.95312     -3.00   101.95312     -2.70
 102.14844    22.50  102.14844   -11.20  102.14844     -3.20   102.14844     -2.60
 102.34375    21.30  102.34375   -13.90  102.34375     -2.40   102.34375     -2.80
 102.53906    20.60  102.53906   -18.60  102.53906     -2.60   102.53906     -2.20
 102.73438    18.90  102.73438   -28.90  102.73438     -2.50   102.73438     -2.00
 102.92969    18.10  102.92969   -31.20  102.92969     -2.60   102.92969     -2.10
 103.12500    16.60  103.12500   -33.00  103.12500     -2.20   103.12500     -2.20
 103.32031    15.80  103.32031   -33.10  103.32031     -2.50   103.32031     -2.80
 103.51562    14.00  103.51562   -31.70  103.51562     -1.80   103.51562     -2.40
 103.71094    12.20  103.71094   -31.50  103.71094     -3.50   103.71094     -2.60
 103.90625    11.60  103.90625   -30.80  103.90625     -2.80   103.90625     -2.10
 104.10156    11.20  104.10156   -30.80  104.10156     -2.70   104.10156     -1.90
 104.29688    13.50  104.29688   -31.50  104.29688     -2.40   104.29688     -1.80
 104.49219    15.00  104.49219   -32.30  104.49219     -2.60   104.49219     -1.60
 104.68750    22.10  104.68750   -33.50  104.68750     -2.40   104.68750     -1.70
 104.88281    28.20  104.88281   -33.10  104.88281     -2.50   104.88281     -2.20
 105.07812    33.70  105.07812   -33.40  105.07812     -1.70   105.07812     -1.90
 105.27344    37.00  105.27344   -33.10  105.27344     -2.20   105.27344     -2.10
 105.46875    40.30  105.46875   -34.00  105.46875     -2.70   105.46875     -2.40
 105.66406    40.30  105.66406   -34.70  105.66406     -2.50   105.66406     -2.20
 105.85938    39.10  105.85938   -35.40  105.85938     -3.10   105.85938     -2.50
 106.05469    37.40  106.05469   -36.90  106.05469     -2.80   106.05469     -2.90
 106.25000    34.30  106.25000   -36.40  106.25000     -2.80   106.25000     -2.30
 106.44531    31.90  106.44531   -37.30  106.44531     -2.40   106.44531     -3.10
 106.64062    29.20  106.64062   -36.40  106.64062     -2.30   106.64062     -3.40
 106.83594    27.60  106.83594   -35.80  106.83594     -2.30   106.83594     -2.50
 107.03125    26.70  107.03125   -36.60  107.03125     -2.10   107.03125     -2.00
 107.22656    25.20  107.22656   -37.20  107.22656     -3.10   107.22656     -2.00
 107.42188    24.30  107.42188   -38.70  107.42188     -3.00   107.42188     -2.10
 107.61719    23.60  107.61719   -38.60  107.61719     -2.50   107.61719     -2.00
 107.81250    21.80  107.81250   -38.60  107.81250     -3.00   107.81250     -2.30
 108.00781    20.90  108.00781   -38.90  108.00781     -2.20   108.00781     -2.60
 108.20312    19.20  108.20312   -39.60  108.20312     -3.30   108.20312     -2.30
 108.39844    18.50  108.39844   -40.60  108.39844     -2.90   108.39844     -1.90
 108.59375    19.10  108.59375   -41.20  108.59375     -2.80   108.59375     -2.50
 108.78906    20.50  108.78906   -40.40  108.78906     -2.30   108.78906     -2.00
 108.98438    22.90  108.98438   -40.30  108.98438     -2.20   108.98438     -2.30
 109.17969    25.10  109.17969   -40.50  109.17969     -2.60   109.17969      0.10
 109.37500    29.20  109.37500   -40.90  109.37500     -2.10   109.37500     -1.50
 109.57031    31.40  109.57031   -40.60  109.57031     -3.00   109.57031     -1.80
 109.76562    34.30  109.76562   -40.90  109.76562     -3.80   109.76562     -1.30
 109.96094    33.40  109.96094   -40.40  109.96094     -2.90   109.96094     -1.20
 110.15625    24.40  110.15625   -41.80  110.15625     -3.00   110.15625     -2.50
 110.35156    16.40  110.35156   -41.60  110.35156     -2.20   110.35156     -2.60
 110.54688     2.40  110.54688   -42.10  110.54688     -1.90   110.54688     -2.60
 110.74219    -5.50  110.74219   -41.70  110.74219     -2.40   110.74219     -2.60
 110.93750   -16.60  110.93750   -42.60  110.93750     -2.40   110.93750     -1.90
 111.13281   -22.90  111.13281   -42.20  111.13281     -2.40   111.13281     -2.50
 111.32812   -33.90  111.32812   -42.60  111.32812     -1.70   111.32812     -2.20
 111.52344   -37.10  111.52344   -43.70  111.52344     -2.30   111.52344     -2.00
 111.71875   -38.20  111.71875   -42.70  111.71875     -2.20   111.71875     -1.10
 111.91406   -33.00  111.91406   -42.40  111.91406     -2.70   111.91406     -2.50
 112.10938   -24.20  112.10938   -37.90  112.10938     -3.50   112.10938     -2.40
 112.30469   -18.60  112.30469   -30.60  112.30469     -2.70   112.30469     -1.90
 112.50000   -13.30  112.50000    -5.30  112.50000     -2.50   112.50000     -1.60
 112.69531   -13.70  112.69531     8.80  112.69531     -2.20   112.69531     -2.60
 112.89062   -19.30  112.89062    36.80  112.89062     -2.50   112.89062     -2.70
 113.08594   -23.90  113.08594    48.20  113.08594     -2.30   113.08594     -1.60
 113.28125   -28.70  113.28125    64.20  113.28125     -2.60   113.28125     -2.20
 113.47656   -30.90  113.47656    70.00  113.47656     -2.40   113.47656     -2.10
 113.67188   -32.70  113.67188    70.10  113.67188     -2.20   113.67188     -2.30
 113.86719   -33.10  113.86719    65.80  113.86719     -2.70   113.86719     -2.50
 114.06250   -33.60  114.06250    46.60  114.06250     -2.80   114.06250     -1.80
 114.25781   -34.70  114.25781    36.00  114.25781     -2.50   114.25781     -1.70
 114.45312   -34.30  114.45312    24.90  114.45312     -2.40   114.45312     -1.30
 114.64844   -33.90  114.64844    23.50  114.64844     -1.90   114.64844     -2.40
 114.84375   -34.90  114.84375    23.10  114.84375     -1.90   114.84375     -2.50
 115.03906   -36.00  115.03906    22.50  115.03906     -1.80   115.03906     -2.00
 115.23438   -36.40  115.23438    22.30  115.23438     -2.40   115.23438     -3.10
 115.42969   -36.50  115.42969    21.70  115.42969     -2.50   115.42969     -2.90
 115.62500   -36.00  115.62500    20.50  115.62500     -2.30   115.62500     -2.70
 115.82031   -36.30  115.82031    20.00  115.82031     -3.00   115.82031     -2.80
 116.01562   -36.80  116.01562    20.90  116.01562     -3.70   116.01562     -2.50
 116.21094   -37.20  116.21094    20.20  116.21094     -3.90   116.21094     -2.20
 116.40625   -37.40  116.40625    19.30  116.40625     -3.80   116.40625     -2.20
 116.60156   -37.40  116.60156    18.80  116.60156     -3.00   116.60156     -2.70
 116.79688   -36.70  116.79688    19.20  116.79688     -3.30   116.79688     -1.40
 116.99219   -37.60  116.99219    19.50  116.99219     -2.80   116.99219     -2.20
 117.18750   -37.20  117.18750    19.20  117.18750     -2.60   117.18750     -1.20
 117.38281   -38.00  117.38281    18.80  117.38281     -2.40   117.38281     -3.20
 117.57812   -39.20  117.57812    17.60  117.57812     -2.10   117.57812     -2.50
 117.77344   -39.20  117.77344    17.10  117.77344     -2.50   117.77344     -1.50
 117.96875   -40.70  117.96875    15.50  117.96875     -2.50   117.96875     -2.20
 118.16406   -41.10  118.16406    14.10  118.16406     -2.50   118.16406     -2.30
 118.35938   -40.80  118.35938    11.20  118.35938     -2.60   118.35938     -2.00
 118.55469   -40.90  118.55469    11.20  118.55469     -2.50   118.55469     -1.80
 118.75000   -41.40  118.75000    12.80  118.75000     -2.90   118.75000     -2.60
 118.94531   -41.30  118.94531    14.20  118.94531     -2.20   118.94531     -2.50
 119.14062   -42.70  119.14062    20.50  119.14062     -2.10   119.14062     -2.50
 119.33594   -42.70  119.33594    25.20  119.33594     -2.60   119.33594     -2.50
 119.53125   -43.50  119.53125    32.10  119.53125     -2.40   119.53125     -3.20
 119.72656   -44.40  119.72656    35.00  119.72656     -2.20   119.72656     -1.00
 119.92188   -42.90  119.92188    37.20  119.92188     -2.80   119.92188     -2.90
 120.11719   -43.00  120.11719    37.80  120.11719     -2.80   120.11719     -2.60
 120.31250   -43.20  120.31250    36.10  120.31250     -2.60   120.31250     -2.40
 120.50781   -43.30  120.50781    34.90  120.50781     -2.50   120.50781     -1.50
 120.70312   -43.50  120.70312    32.60  120.70312     -2.20   120.70312     -1.80
 120.89844   -44.20  120.89844    31.60  120.89844     -2.30   120.89844     -2.40
 121.09375   -44.40  121.09375    29.00  121.09375     -2.90   121.09375     -2.20
 121.28906   -44.30  121.28906    28.10  121.28906     -3.10   121.28906     -2.20
 121.48438   -43.70  121.48438    26.00  121.48438     -2.60   121.48438     -1.90
 121.67969   -44.40  121.67969    24.70  121.67969     -2.90   121.67969     -2.30
 121.87500   -44.90  121.87500    23.40  121.87500     -2.40   121.87500     -2.00
 122.07031   -45.60  122.07031    21.30  122.07031     -3.20   122.07031     -3.70
 122.26562   -43.30  122.26562    19.60  122.26562     -3.20   122.26562     -4.00
 122.46094   -36.50  122.46094    18.90  122.46094     -2.00   122.46094     -2.10
 122.65625   -20.10  122.65625    19.00  122.65625     -2.20   122.65625     -1.90
 122.85156    -3.10  122.85156    18.70  122.85156     -1.80   122.85156     -2.20
 123.04688    20.70  123.04688    20.60  123.04688     -2.10   123.04688     -2.10
 123.24219    40.70  123.24219    21.00  123.24219     -1.80   123.24219     -1.90
 123.43750    59.30  123.43750    23.90  123.43750     -3.40   123.43750     -2.40
 123.63281    69.00  123.63281    26.00  123.63281     -2.10   123.63281     -2.60
 123.82812    75.40  123.82812    29.40  123.82812     -3.40   123.82812     -2.80
 124.02344    72.90  124.02344    32.30  124.02344     -2.90   124.02344     -2.60
 124.21875    58.00  124.21875    35.10  124.21875     -3.30   124.21875     -2.10
 124.41406    45.90  124.41406    36.60  124.41406     -2.90   124.41406     -2.40
 124.60938    33.60  124.60938    35.20  124.60938     -2.40   124.60938     -2.30
 124.80469    27.00  124.80469    29.10  124.80469     -2.30   124.80469     -2.50
 125.00000    22.50  125.00000    14.20  125.00000     -2.70   125.00000     -3.20
 125.19531    22.60  125.19531     2.70  125.19531     -2.40   125.19531     -2.40
 125.39062    23.00  125.39062    -8.80  125.39062     -2.60   125.39062     -2.40
 125.58594    23.00  125.58594   -12.30  125.58594     -3.00   125.58594     -2.20
 125.78125    23.20  125.78125   -20.00  125.78125     -3.10   125.78125     -2.70
 125.97656    23.20  125.97656   -26.20  125.97656     -2.50   125.97656     -2.80
 126.17188    22.60  126.17188   -32.40  126.17188     -2.50   126.17188     -2.90
 126.36719    21.50  126.36719   -34.00  126.36719     -2.30   126.36719     -3.00
 126.56250    22.20  126.56250   -30.60  126.56250     -2.50   126.56250     -2.20
 126.75781    22.10  126.75781   -25.20  126.75781     -3.20   126.75781     -2.70
 126.95312    34.90  126.95312    -0.80  126.95312      9.60   126.95312     10.50
 127.14844    34.80  127.14844     1.30  127.14844     10.90   127.14844     10.40
 127.34375    21.30  127.34375   -14.30  127.34375     -1.70   127.34375     -2.80
 127.53906    20.20  127.53906   -19.50  127.53906     -2.50   127.53906     -2.60
 127.73438    19.50  127.73438   -27.90  127.73438     -2.30   127.73438     -3.10
 127.92969    18.50  127.92969   -31.30  127.92969     -2.40   127.92969     -2.70
 128.12500    17.70  128.12500   -33.20  128.12500     -2.80   128.12500     -1.70
 128.32031    16.70  128.32031   -32.60  128.32031     -2.60   128.32031     -3.10
 128.51562    14.50  128.51562   -31.60  128.51562     -2.10   128.51562     -2.80
 128.71094    13.20  128.71094   -31.00  128.71094     -2.30   128.71094     -2.80
 128.90625    10.90  128.90625   -30.80  128.90625     -2.00   128.90625     -1.60
 129.10156    10.70  129.10156   -30.70  129.10156     -2.70   129.10156     -2.40
 129.29688    12.30  129.29688   -31.20  129.29688     -1.90   129.29688     -2.00
 129.49219    14.80  129.49219   -32.20  129.49219     -2.10   129.49219     -2.20
 129.68750    21.60  129.68750   -34.20  129.68750     -2.50   129.68750     -3.30
 129.88281    27.50  129.88281   -34.20  129.88281     -2.20   129.88281     -2.90
 130.07812    33.90  130.07812   -33.40  130.07812     -2.40   130.07812     -2.20
 130.27344    37.80  130.27344   -33.70  130.27344     -2.70   130.27344     -3.20
 130.46875    40.00  130.46875   -33.70  130.46875     -1.80   130.46875     -1.30
 130.66406    39.70  130.66406   -35.00  130.66406     -2.50   130.66406     -1.70
 130.85938    38.90  130.85938   -36.10  130.85938     -3.50   130.85938     -0.80
 131.05469    37.70  131.05469   -36.60  131.05469     -3.00   131.05469     -1.80
 131.25000    33.70  131.25000   -36.50  131.25000     -2.40   131.25000     -1.70
 131.44531    31.40  131.44531   -37.40  131.44531     -2.60   131.44531     -2.30
 131.64062    28.90  131.64062   -37.20  131.64062     -3.00   131.64062     -2.90
 131.83594    28.20  131.83594   -36.90  131.83594     -2.70   131.83594     -2.30
 132.03125    25.70  132.03125   -36.90  132.03125     -3.00   132.03125     -2.40
 132.22656    24.70  132.22656   -37.10  132.22656     -2.90   132.22656     -2.70
 132.42188    24.00  132.42188   -38.10  132.42188     -2.10   132.42188     -2.40
 132.61719    22.50  132.61719   -39.40  132.61719     -3.50   132.61719     -2.40
 132.81250    21.20  132.81250   -40.10  132.81250     -3.10   132.81250     -2.30
 133.00781    20.20  133.00781   -39.90  133.00781     -2.60   133.00781     -2.10
 133.20312    19.60  133.20312   -39.70  133.20312     -3.20   133.20312     -2.60
 133.39844    18.90  133.39844   -38.90  133.39844     -1.90   133.39844     -3.30
 133.59375    18.80  133.59375   -39.60  133.59375     -1.40   133.59375     -3.00
 133.78906    19.80  133.78906   -40.40  133.78906     -1.60   133.78906     -2.10
 133.98438    22.80  133.98438   -40.90  133.98438     -1.50   133.98438     -2.00
 134.17969    25.30  134.17969   -40.80  134.17969     -1.70   134.17969     -1.80
 134.37500    30.00  134.37500   -41.30  134.37500     -2.00   134.37500     -2.00
 134.57031    31.90  134.57031   -40.90  134.57031     -2.70   134.57031     -2.80
 134.76562    34.70  134.76562   -40.50  134.76562     -3.50   134.76562     -2.10
 134.96094    33.40  134.96094   -40.40  134.96094     -3.50   134.96094     -2.70
 135.15625    23.10  135.15625   -40.80  135.15625     -3.60   135.15625     -2.10
 135.35156    12.30  135.35156   -40.90  135.35156     -2.90   135.35156     -2.50
 135.54688    -2.80  135.54688   -42.00  135.54688     -3.20   135.54688     -3.20
 135.74219    -8.90  135.74219   -42.30  135.74219     -2.50   135.74219     -2.60
 135.93750   -18.10  135.93750   -42.80  135.93750     -2.20   135.93750     -2.20
 136.13281   -23.60  136.13281   -42.10  136.13281     -2.20   136.13281     -3.10
 136.32812   -34.60  136.32812   -42.90  136.32812     -2.00   136.32812     -2.90
 136.52344   -37.90  136.52344   -42.70  136.52344     -2.40   136.52344     -2.60
 136.71875   -36.70  136.71875   -43.10  136.71875     -2.80   136.71875     -2.50
 136.91406   -31.10  136.91406   -42.90  136.91406     -2.20   136.91406     -2.00
 137.10938   -21.10  137.10938   -37.60  137.10938     -2.50   137.10938     -2.10
 137.30469   -15.20  137.30469   -28.20  137.30469     -2.00   137.30469     -1.50
 137.50000   -12.20  137.50000    -8.40  137.50000     -2.70   137.50000     -1.80
 137.69531   -15.20  137.69531     8.20  137.69531     -2.80   137.69531     -2.30
 137.89062   -20.80  137.89062    36.60  137.89062     -2.40   137.89062     -2.20
 138.08594   -25.30  138.08594    47.30  138.08594     -2.20   138.08594     -2.00
 138.28125   -29.10  138.28125    64.10  138.28125     -2.30   138.28125     -1.10
 138.47656   -31.00  138.47656    69.50  138.47656     -2.00   138.47656     -2.10
 138.67188   -32.40  138.67188    70.20  138.67188     -2.20   138.67188     -1.70
 138.86719   -33.50  138.86719    65.70  138.86719     -2.60   138.86719     -2.20
 139.06250   -33.30  139.06250    45.90  139.06250     -1.90   139.06250     -2.10
 139.25781   -33.80  139.25781    36.10  139.25781     -2.30   139.25781     -2.70
 139.45312   -33.60  139.45312    24.80  139.45312     -2.60   139.45312     -2.10
 139.64844   -34.40  139.64844    22.20  139.64844     -2.50   139.64844     -2.20
 139.84375   -34.60  139.84375    21.80  139.84375     -2.30   139.84375     -2.40
 140.03906   -35.70  140.03906    22.60  140.03906     -2.90   140.03906     -2.50
 140.23438   -35.50  140.23438    22.40  140.23438     -2.50   140.23438     -2.60
 140.42969   -35.90  140.42969    22.10  140.42969     -2.80   140.42969     -2.40
 140.62500   -35.90  140.62500    20.70  140.62500     -2.10   140.62500     -2.70
 140.82031   -35.40  140.82031    20.30  140.82031     -2.80   140.82031     -2.90
 141.01562   -35.60  141.01562    20.20  141.01562     -3.10   141.01562     -2.50
 141.21094   -36.70  141.21094    19.90  141.21094     -2.70   141.21094     -1.70
 141.40625   -37.50  141.40625    20.80  141.40625     -1.90   141.40625     -1.00
 141.60156   -37.90  141.60156    19.40  141.60156     -2.30   141.60156     -1.70
 141.79688   -37.90  141.79688    19.10  141.79688     -2.00   141.79688     -1.80
 141.99219   -37.50  141.99219    19.50  141.99219     -2.30   141.99219     -2.00
 142.18750   -36.60  142.18750    19.20  142.18750     -2.30   142.18750     -2.00
 142.38281   -37.60  142.38281    18.80  142.38281     -3.40   142.38281     -2.10
 142.57812   -38.70  142.57812    18.40  142.57812     -2.90   142.57812     -2.90
 142.77344   -38.60  142.77344    17.90  142.77344     -2.60   142.77344     -2.60
 142.96875   -40.50  142.96875    15.90  142.96875     -2.30   142.96875     -2.50
 143.16406   -41.20  143.16406    15.00  143.16406     -1.90   143.16406     -1.90
 143.35938   -41.70  143.35938    12.80  143.35938     -2.30   143.35938     -1.40
 143.55469   -41.80  143.55469    11.60  143.55469     -2.80   143.55469     -2.10
 143.75000   -40.90  143.75000    12.10  143.75000     -1.60   143.75000     -1.90
 143.94531   -42.40  143.94531    15.60  143.94531     -2.10   143.94531     -1.50
 144.14062   -42.80  144.14062    20.30  144.14062     -2.40   144.14062     -2.40
 144.33594   -43.00  144.33594    23.90  144.33594     -2.90   144.33594     -2.70
 144.53125   -44.00  144.53125    31.30  144.53125     -2.50   144.53125     -2.70
 144.72656   -44.00  144.72656    33.60  144.72656     -3.30   144.72656     -2.50
 144.92188   -44.30  144.92188    35.60  144.92188     -2.30   144.92188     -2.40
 145.11719   -43.30  145.11719    37.30  145.11719     -2.60   145.11719     -2.50
 145.31250   -43.20  145.31250    36.60  145.31250     -1.70   145.31250     -2.60
 145.50781   -43.20  145.50781    34.60  145.50781     -2.80   145.50781     -2.30
 145.70312   -43.30  145.70312    32.00  145.70312     -2.70   145.70312     -2.10
 145.89844   -43.30  145.89844    31.90  145.89844     -2.30   145.89844     -3.00
 146.09375   -43.90  146.09375    29.20  146.09375     -2.00   146.09375     -1.90
 146.28906   -43.60  146.28906    28.20  146.28906     -1.60   146.28906     -2.40
 146.48438   -44.00  146.48438    27.30  146.48438     -2.20   146.48438     -2.30
 146.67969   -44.10  146.67969    26.70  146.67969     -1.70   146.67969     -2.70
 146.87500   -44.50  146.87500    25.10  146.87500     -2.00   146.87500     -3.00
 147.07031   -43.50  147.07031    22.80  147.07031     -1.90   147.07031     -2.60
 147.26562   -42.80  147.26562    20.00  147.26562     -1.70   147.26562     -2.70
 147.46094   -40.30  147.46094    20.00  147.46094     -2.60   147.46094     -3.10
 147.65625   -24.10  147.65625    19.40  147.65625     -3.00   147.65625     -1.80
 147.85156    -8.30  147.85156    19.70  147.85156     -2.20   147.85156     -2.20
 148.04688    19.60  148.04688    20.70  148.04688     -2.20   148.04688     -2.30
 148.24219    32.90  148.24219    22.00  148.24219     -2.30   148.24219     -2.00
 148.43750    55.90  148.43750    23.50  148.43750     -2.60   148.43750     -2.10
 148.63281    62.30  148.63281    24.30  148.63281     -2.40   148.63281     -2.30
 148.82812    74.20  148.82812    28.10  148.82812     -2.90   148.82812     -2.60
 149.02344    74.80  149.02344    29.40  149.02344     -2.30   149.02344     -2.50
 149.21875    64.60  149.21875    33.60  149.21875     -3.20   149.21875     -3.00
 149.41406    56.80  149.41406    34.80  149.41406     -2.50   149.41406     -3.10
 149.60938    36.70  149.60938    34.80  149.60938     -3.10   149.60938     -3.10
 149.80469    28.80  149.80469    31.30  149.80469     -3.10   149.80469     -1.80
 150.00000    23.20  150.00000    15.90  150.00000     -2.60   150.00000     -1.90
 150.19531    21.50  150.19531     7.60  150.19531     -3.00   150.19531     -2.10
 150.39062    23.00  150.39062    -6.70  150.39062     -2.80   150.39062     -2.40
 150.58594    22.60  150.58594   -12.50  150.58594     -3.10   150.58594     -2.20
 150.78125    23.30  150.78125   -18.60  150.78125     -2.50   150.78125     -1.50
 150.97656    22.20  150.97656   -21.90  150.97656     -2.50   150.97656     -1.80
 151.17188    22.50  151.17188   -31.60  151.17188     -1.60   151.17188     -1.80
 151.36719    21.50  151.36719   -33.50  151.36719     -2.80   151.36719     -2.00
 151.56250    22.20  151.56250   -30.40  151.56250     -2.00   151.56250     -2.20
 151.75781    21.50  151.75781   -25.80  151.75781     -2.30   151.75781     -2.70
 151.95312    22.00  151.95312   -15.00  151.95312     -1.60   151.95312     -1.80
 152.14844    22.40  152.14844   -12.40  152.14844     -2.20   152.14844     -2.30
 152.34375    21.60  152.34375   -14.00  152.34375     -2.60   152.34375     -1.10
 152.53906    21.00  152.53906   -17.70  152.53906     -2.80   152.53906     -2.10
 152.73438    19.10  152.73438   -24.90  152.73438     -2.50   152.73438     -2.00
 152.92969    19.10  152.92969   -29.00  152.92969     -2.80   152.92969     -1.90
 153.12500    17.90  153.12500   -32.20  153.12500     -2.90   153.12500     -1.50
 153.32031    17.20  153.32031   -32.70  153.32031     -2.80   153.32031     -1.80
 153.51562    15.20  153.51562   -31.70  153.51562     -1.80   153.51562     -2.30
 153.71094    14.40  153.71094   -32.40  153.71094     -2.00   153.71094     -2.10
 153.90625    11.80  153.90625   -31.00  153.90625     -2.20   153.90625     -1.20
 154.10156    10.40  154.10156   -31.00  154.10156     -2.10   154.10156     -2.10
 154.29688    11.40  154.29688   -31.70  154.29688     -2.50   154.29688     -2.10
 154.49219    12.90  154.49219   -32.10  154.49219     -3.30   154.49219     -2.50
 154.68750    19.20  154.68750   -34.10  154.68750     -2.10   154.68750     -2.60
 154.88281    23.30  154.88281   -34.20  154.88281     -3.40   154.88281     -2.50
 155.07812    31.20  155.07812   -34.50  155.07812     -3.30   155.07812     -2.70
 155.27344    36.00  155.27344   -34.00  155.27344     -3.00   155.27344     -3.10
 155.46875    38.60  155.46875   -33.70  155.46875     -2.30   155.46875     -2.50
 155.66406    39.70  155.66406   -33.90  155.66406     -2.50   155.66406     -2.30
 155.85938    39.90  155.85938   -35.60  155.85938     -1.80   155.85938     -3.20
 156.05469    38.70  156.05469   -36.20  156.05469     -3.10   156.05469     -2.50
 156.25000    34.90  156.25000   -37.90  156.25000     -3.00   156.25000     -2.60
 156.44531    33.40  156.44531   -36.70  156.44531     -3.00   156.44531     -3.00
 156.64062    30.80  156.64062   -36.60  156.64062     -3.00   156.64062     -3.00
 156.83594    28.90  156.83594   -35.60  156.83594     -3.00   156.83594     -2.40
 157.03125    26.10  157.03125   -36.30  157.03125     -2.70   157.03125     -2.60
 157.22656    25.10  157.22656   -37.00  157.22656     -2.60   157.22656     -2.60
 157.42188    23.80  157.42188   -38.50  157.42188     -2.90   157.42188     -3.00
 157.61719    23.90  157.61719   -38.70  157.61719     -2.10   157.61719     -3.10
 157.81250    22.70  157.81250   -38.70  157.81250     -3.00   157.81250     -2.90
 158.00781    21.70  158.00781   -38.60  158.00781     -2.50   158.00781     -2.10
 158.20312    20.10  158.20312   -39.00  158.20312     -3.10   158.20312     -2.30
 158.39844    19.40  158.39844   -39.10  158.39844     -1.70   158.39844     -2.30
 158.59375    18.70  158.59375   -40.30  158.59375     -3.00   158.59375     -2.20
 158.78906    18.70  158.78906   -40.90  158.78906     -3.20   158.78906     -2.40
 158.98438    19.90  158.98438   -40.50  158.98438     -0.90   158.98438     -1.60
 159.17969    23.10  159.17969   -40.90  159.17969     -3.00   159.17969     -2.90
 159.37500    27.30  159.37500   -41.30  159.37500     -3.00   159.37500     -3.10
 159.57031    29.50  159.57031   -41.00  159.57031     -3.10   159.57031     -3.50
 159.76562    33.80  159.76562   -41.00  159.76562     -3.00   159.76562     -3.00
 159.96094    33.50  159.96094   -41.30  159.96094     -2.40   159.96094     -3.40
 160.15625    26.60  160.15625   -41.20  160.15625     -3.40   160.15625     -2.40
 160.35156    18.50  160.35156   -41.40  160.35156     -3.10   160.35156     -2.20
 160.54688     3.20  160.54688   -42.00  160.54688     -0.30   160.54688     -2.50
 160.74219    -5.40  160.74219   -42.20  160.74219     -2.90   160.74219     -2.00
 160.93750   -16.30  160.93750   -42.60  160.93750     -2.90   160.93750     -2.50
 161.13281   -21.60  161.13281   -42.40  161.13281     -2.40   161.13281     -2.40
 161.32812   -32.30  161.32812   -42.50  161.32812     -2.20   161.32812     -2.00
 161.52344   -36.70  161.52344   -42.60  161.52344     -3.10   161.52344     -2.30
 161.71875   -36.90  161.71875   -43.30  161.71875     -1.90   161.71875     -2.70
 161.91406   -33.30  161.91406   -43.20  161.91406     -2.30   161.91406     -2.30
 162.10938   -22.70  162.10938   -39.60  162.10938     -2.90   162.10938     -2.30
 162.30469   -17.60  162.30469   -33.50  162.30469     -2.90   162.30469     -2.80
 162.50000   -12.80  162.50000   -12.50  162.50000     -3.80   162.50000     -2.70
 162.69531   -13.90  162.69531    -0.50  162.69531     -3.10   162.69531     -2.60
 162.89062   -20.20  162.89062    30.10  162.89062     -3.20   162.89062     -2.10
 163.08594   -23.70  163.08594    42.50  163.08594     -3.40   163.08594     -1.90
 163.28125   -29.10  163.28125    59.30  163.28125     -2.60   163.28125     -2.20
 163.47656   -30.10  163.47656    67.00  163.47656     -1.20   163.47656     -2.10
 163.67188   -32.50  163.67188    70.70  163.67188     -1.70   163.67188     -3.20
 163.86719   -33.20  163.86719    67.00  163.86719     -2.50   163.86719     -2.70
 164.06250   -33.70  164.06250    51.10  164.06250     -3.20   164.06250     -2.60
 164.25781   -34.80  164.25781    42.90  164.25781     -2.60   164.25781     -2.70
 164.45312   -33.90  164.45312    28.10  164.45312     -3.00   164.45312     -2.90
 164.64844   -34.00  164.64844    24.80  164.64844     -2.90   164.64844     -2.70
 164.84375   -35.00  164.84375    22.50  164.84375     -2.40   164.84375     -2.70
 165.03906   -35.60  165.03906    22.00  165.03906     -2.80   165.03906     -2.20
 165.23438   -36.70  165.23438    22.00  165.23438     -2.80   165.23438     -2.20
 165.42969   -36.90  165.42969    21.60  165.42969     -3.90   165.42969     -2.20
 165.62500   -36.10  165.62500    19.90  165.62500     -3.50   165.62500     -2.40
 165.82031   -35.90  165.82031    19.80  165.82031     -3.40   165.82031     -2.30
 166.01562   -36.90  166.01562    20.00  166.01562     -2.80   166.01562     -2.80
 166.21094   -37.20  166.21094    19.60  166.21094     -3.20   166.21094     -3.00
 166.40625   -38.60  166.40625    19.50  166.40625     -3.00   166.40625     -2.90
 166.60156   -38.30  166.60156    19.50  166.60156     -2.70   166.60156     -2.90
 166.79688   -38.20  166.79688    22.60  166.79688     -1.50   166.79688     -2.70
 166.99219   -37.60  166.99219    20.40  166.99219     -2.40   166.99219     -2.20
 167.18750   -37.10  167.18750    19.70  167.18750     -1.80   167.18750     -2.40
 167.38281   -37.50  167.38281    20.20  167.38281     -2.00   167.38281     -2.90
 167.57812   -37.70  167.57812    19.10  167.57812     -2.50   167.57812     -2.40
 167.77344   -39.00  167.77344    18.00  167.77344     -3.10   167.77344     -2.80
 167.96875   -40.60  167.96875    16.00  167.96875     -3.00   167.96875     -1.70
 168.16406   -41.00  168.16406    14.90  168.16406     -2.70   168.16406     -2.40
 168.35938   -40.40  168.35938    12.50  168.35938     -3.20   168.35938     -1.80
 168.55469   -40.10  168.55469    10.40  168.55469     -3.40   168.55469     -2.60
 168.75000   -40.40  168.75000    11.70  168.75000     -2.90   168.75000     -2.20
 168.94531   -40.80  168.94531    11.60  168.94531     -2.30   168.94531     -2.80
 169.14062   -42.20  169.14062    18.40  169.14062     -2.10   169.14062     -1.40
 169.33594   -42.30  169.33594    22.30  169.33594     -2.40   169.33594     -2.00
 169.53125   -30.60  169.53125    43.20  169.53125     11.10   169.53125     11.30
 169.72656   -30.70  169.72656    45.00  169.72656     11.20   169.72656     10.80
 169.92188   -43.80  169.92188    36.40  169.92188     -2.60   169.92188     -2.30
 170.11719   -44.00  170.11719    37.00  170.11719     -2.50   170.11719     -1.50
 170.31250   -43.30  170.31250    36.10  170.31250     -2.80   170.31250     -2.40
 170.50781   -43.00  170.50781    35.20  170.50781     -1.80   170.50781     -2.10
 170.70312   -43.80  170.70312    33.00  170.70312     -2.80   170.70312     -2.60
 170.89844   -43.90  170.89844    32.00  170.89844     -2.90   170.89844     -3.30
 171.09375   -44.20  171.09375    29.60  171.09375     -2.40   171.09375     -2.60
 171.28906   -44.20  171.28906    29.20  171.28906     -2.40   171.28906     -2.70
 171.48438   -43.60  171.48438    26.60  171.48438     -2.10   171.48438     -2.50
 171.67969   -43.30  171.67969    25.20  171.67969     -2.90   171.67969     -2.80
 171.87500   -43.70  171.87500    23.70  171.87500     -3.60   171.87500     -2.50
 172.07031   -44.10  172.07031    23.00  172.07031     -3.20   172.07031     -2.50
 172.26562   -44.00  172.26562    20.60  172.26562     -2.60   172.26562     -2.40
 172.46094   -40.60  172.46094    19.70  172.46094     -3.20   172.46094     -2.20
 172.65625   -27.50  172.65625    18.40  172.65625     -2.30   172.65625     -2.20
 172.85156   -17.10  172.85156    18.50  172.85156     -2.40   172.85156     -2.00
 173.04688    11.70  173.04688    19.40  173.04688     -1.80   173.04688     -2.50
 173.24219    27.70  173.24219    20.60  173.24219     -2.30   173.24219     -2.50
 173.43750    56.00  173.43750    23.70  173.43750     -2.20   173.43750     -2.80
 173.63281    62.80  173.63281    24.20  173.63281     -2.00   173.63281     -2.20
 173.82812    74.20  173.82812    28.20  173.82812     -1.40   173.82812     -2.00
 174.02344    74.70  174.02344    30.10  174.02344     -2.10   174.02344     -1.90
 174.21875    65.60  174.21875    34.20  174.21875     -2.00   174.21875     -2.70
 174.41406    57.50  174.41406    35.50  174.41406     -2.80   174.41406     -2.90
 174.60938    39.10  174.60938    36.00  174.60938     -3.20   174.60938     -2.70
 174.80469    29.30  174.80469    33.20  174.80469     -3.00   174.80469     -3.50
 175.00000    22.90  175.00000    16.90  175.00000     -3.30   175.00000     -2.90
 175.19531    21.80  175.19531    10.50  175.19531     -2.70   175.19531     -2.80
 175.39062    23.30  175.39062    -6.10  175.39062     -2.70   175.39062     -2.10
 175.58594    22.70  175.58594   -11.90  175.58594     -2.50   175.58594     -1.80
 175.78125    23.40  175.78125   -17.70  175.78125     -2.80   175.78125     -1.90
 175.97656    23.40  175.97656   -20.60  175.97656     -2.30   175.97656     -2.00
 176.17188    22.70  176.17188   -30.30  176.17188     -2.50   176.17188     -2.40
 176.36719    21.90  176.36719   -33.40  176.36719     -2.80   176.36719     -2.10
 176.56250    21.60  176.56250   -31.90  176.56250     -3.00   176.56250     -2.20
 176.75781    22.30  176.75781   -28.30  176.75781     -3.00   176.75781     -2.50
 176.95312    21.70  176.95312   -15.80  176.95312     -2.70   176.95312     -2.50
 177.14844    21.90  177.14844   -12.70  177.14844     -3.00   177.14844     -2.40
 177.34375    21.60  177.34375   -12.60  177.34375     -3.00   177.34375     -1.80
 177.53906    20.80  177.53906   -17.00  177.53906     -3.50   177.53906     -2.00
 177.73438    20.00  177.73438   -24.60  177.73438     -3.50   177.73438     -2.40
 177.92969    19.50  177.92969   -28.90  177.92969     -3.10   177.92969     -2.70
 178.12500    18.10  178.12500   -33.00  178.12500     -3.00   178.12500     -2.30
 178.32031    18.20  178.32031   -33.60  178.32031     -2.80   178.32031     -1.90
 178.51562    15.50  178.51562   -32.20  178.51562     -1.60   178.51562     -2.60
 178.71094    13.60  178.71094   -31.10  178.71094     -2.70   178.71094     -2.10
 178.90625    11.10  178.90625   -30.40  178.90625     -1.30   178.90625     -3.10
 179.10156    10.20  179.10156   -30.10  179.10156     -1.40   179.10156     -2.20
 179.29688    11.20  179.29688   -30.60  179.29688     -2.60   179.29688     -2.70
 179.49219    12.80  179.49219   -32.20  179.49219     -2.50   179.49219     -2.40
 179.68750    19.90  179.68750   -34.20  179.68750     -2.20   179.68750     -2.20
 179.88281    22.70  179.88281   -34.10  179.88281     -2.30   179.88281     -3.10
 180.07812    30.70  180.07812   -33.60  180.07812     -2.40   180.07812     -2.30
 180.27344    36.40  180.27344   -33.40  180.27344     -2.20   180.27344     -2.00
 180.46875    39.60  180.46875   -33.80  180.46875     -2.70   180.46875     -2.60
 180.66406    40.40  180.66406   -33.90  180.66406     -1.90   180.66406     -2.10
 180.85938    38.70  180.85938   -36.00  180.85938     -2.80   180.85938     -2.70
 181.05469    38.30  181.05469   -36.10  181.05469     -2.50   181.05469     -2.30
 181.25000    34.50  181.25000   -36.70  181.25000     -2.50   181.25000     -2.80
 181.44531    32.80  181.44531   -37.30  181.44531     -2.50   181.44531     -2.10
 181.64062    30.60  181.64062   -36.80  181.64062     -2.60   181.64062     -2.40
 181.83594    29.30  181.83594   -36.60  181.83594     -2.80   181.83594     -1.90
 182.03125    27.20  182.03125   -36.20  182.03125     -2.70   182.03125     -2.10
 182.22656    26.60  182.22656   -36.50  182.22656     -2.80   182.22656     -1.60
 182.42188    24.60  182.42188   -36.80  182.42188     -2.60   182.42188     -1.70
 182.61719    23.90  182.61719   -38.40  182.61719     -3.40   182.61719     -3.10
 182.81250    22.10  182.81250   -39.90  182.81250     -3.00   182.81250     -3.00
 183.00781    21.30  183.00781   -40.20  183.00781     -2.20   183.00781     -2.70
 183.20312    20.00  183.20312   -40.40  183.20312     -2.00   183.20312     -2.30
 183.39844    19.30  183.39844   -40.40  183.39844     -2.10   183.39844     -2.60
 183.59375    17.90  183.59375   -41.20  183.59375     -2.40   183.59375     -1.50
 183.78906    18.10  183.78906   -41.50  183.78906     -2.90   183.78906     -1.60
 183.98438    21.60  183.98438   -41.30  183.98438     -3.20   183.98438     -0.60
 184.17969    22.80  184.17969   -41.40  184.17969     -2.90   184.17969     -3.40
 184.37500    27.70  184.37500   -41.10  184.37500     -3.00   184.37500     -3.30
 184.57031    28.50  184.57031   -41.30  184.57031     -2.70   184.57031     -3.50
 184.76562    33.10  184.76562   -41.00  184.76562     -2.10   184.76562     -3.30
 184.96094    34.80  184.96094   -39.90  184.96094     -1.80   184.96094     -2.30
 185.15625    30.20  185.15625   -40.70  185.15625     -2.60   185.15625     -1.90
 185.35156    23.50  185.35156   -41.10  185.35156     -2.10   185.35156     -1.90
 185.54688     5.90  185.54688   -41.90  185.54688     -2.30   185.54688     -1.50
 185.74219    -2.00  185.74219   -42.40  185.74219     -2.70   185.74219     -1.40
 185.93750   -14.90  185.93750   -42.40  185.93750     -2.00   185.93750     -1.60
 186.13281   -19.80  186.13281   -42.90  186.13281     -2.20   186.13281     -2.70
 186.32812   -30.80  186.32812   -42.30  186.32812     -3.10   186.32812     -2.30
 186.52344   -35.80  186.52344   -42.50  186.52344     -2.50   186.52344     -2.40
 186.71875   -38.60  186.71875   -41.60  186.71875     -2.40   186.71875     -2.00
 186.91406   -36.40  186.91406   -42.40  186.91406     -2.30   186.91406     -2.40
 187.10938   -26.50  187.10938   -39.40  187.10938     -1.20   187.10938     -2.40
 187.30469   -18.50  187.30469   -32.00  187.30469     -2.50   187.30469     -2.00
 187.50000   -13.40  187.50000   -11.00  187.50000     -1.90   187.50000     -2.60
 187.69531   -14.20  187.69531     0.20  187.69531     -2.00   187.69531     -1.40
 187.89062   -17.80  187.89062    24.50  187.89062     -2.20   187.89062     -1.90
 188.08594   -22.00  188.08594    39.80  188.08594     -2.10   188.08594     -1.50
 188.28125   -28.50  188.28125    58.50  188.28125     -2.40   188.28125     -2.10
 188.47656   -29.80  188.47656    63.40  188.47656     -2.20   188.47656     -2.00
 188.67188   -32.40  188.67188    70.60  188.67188     -3.00   188.67188     -2.50
 188.86719   -33.40  188.86719    68.00  188.86719     -3.00   188.86719     -2.60
 189.06250   -33.60  189.06250    52.50  189.06250     -3.50   189.06250     -2.60
 189.25781   -33.80  189.25781    46.00  189.25781     -3.00   189.25781     -1.90
 189.45312   -34.70  189.45312    27.50  189.45312     -3.10   189.45312     -3.10
 189.64844   -35.00  189.64844    24.10  189.64844     -3.70   189.64844     -2.90
 189.84375   -34.20  189.84375    22.30  189.84375     -2.70   189.84375     -3.10
 190.03906   -35.50  190.03906    22.30  190.03906     -2.10   190.03906     -2.20
 190.23438   -35.80  190.23438    22.10  190.23438     -2.00   190.23438     -2.80
 190.42969   -37.00  190.42969    21.80  190.42969     -2.20   190.42969     -2.80
 190.62500   -36.30  190.62500    20.50  190.62500     -2.10   190.62500     -2.10
 190.82031   -36.20  190.82031    20.30  190.82031     -2.20   190.82031     -1.80
 191.01562   -35.80  191.01562    20.10  191.01562     -2.10   191.01562     -1.10
 191.21094   -36.30  191.21094    20.30  191.21094     -2.60   191.21094     -1.50
 191.40625   -37.40  191.40625    19.70  191.40625     -3.40   191.40625     -1.80
 191.60156   -37.90  191.60156    20.30  191.60156     -2.10   191.60156     -1.90
 191.79688   -37.30  191.79688    19.60  191.79688     -2.40   191.79688     -3.10
 191.99219   -37.70  191.99219    19.90  191.99219     -3.00   191.99219     -2.60
 192.18750   -36.80  192.18750    19.40  192.18750     -2.40   192.18750     -3.20
 192.38281   -37.30  192.38281    18.40  192.38281     -2.20   192.38281     -2.90
 192.57812   -38.50  192.57812    18.40  192.57812     -2.00   192.57812     -2.10
 192.77344   -39.00  192.77344    17.30  192.77344     -2.40   192.77344     -1.80
 192.96875   -40.40  192.96875    15.00  192.96875     -2.00   192.96875     -2.00
 193.16406   -41.40  193.16406    14.10  193.16406     -2.20   193.16406     -2.20
 193.35938   -41.40  193.35938    12.60  193.35938     -1.70   193.35938     -2.50
 193.55469   -41.70  193.55469    10.90  193.55469     -2.50   193.55469     -2.30
 193.75000   -40.70  193.75000    11.70  193.75000     -1.90   193.75000     -2.40
 193.94531   -41.10  193.94531    12.40  193.94531     -2.50   193.94531     -2.00
 194.14062   -42.10  194.14062    17.60  194.14062     -1.70   194.14062     -2.20
 194.33594   -42.30  194.33594    21.70  194.33594     -2.40   194.33594     -2.10
 194.53125   -42.20  194.53125    29.60  194.53125     -2.80   194.53125     -1.90
 194.72656   -42.60  194.72656    32.00  194.72656     -3.10   194.72656     -2.40
 194.92188   -42.80  194.92188    36.70  194.92188     -2.50   194.92188     -2.10
 195.11719   -43.40  195.11719    37.70  195.11719     -2.50   195.11719     -2.00
 195.31250   -43.70  195.31250    36.80  195.31250     -2.20   195.31250     -2.40
 195.50781   -43.00  195.50781    36.30  195.50781     -1.90   195.50781     -2.10
 195.70312   -43.30  195.70312    33.80  195.70312     -1.40   195.70312     -1.90
 195.89844   -43.30  195.89844    32.70  195.89844     -1.10   195.89844     -1.80
 196.09375   -43.90  196.09375    30.00  196.09375     -2.20   196.09375     -2.00
 196.28906   -44.40  196.28906    29.20  196.28906     -2.70   196.28906     -2.40
 196.48438   -43.60  196.48438    25.60  196.48438     -3.50   196.48438     -2.80
 196.67969   -43.70  196.67969    26.00  196.67969     -2.40   196.67969     -2.80
 196.87500   -43.90  196.87500    24.50  196.87500     -2.90   196.87500     -2.30
 197.07031   -44.50  197.07031    23.70  197.07031     -2.60   197.07031     -1.60
 197.26562   -44.80  197.26562    21.20  197.26562     -2.60   197.26562     -3.00
 197.46094   -42.10  197.46094    19.80  197.46094     -3.10   197.46094     -2.80
 197.65625   -27.70  197.65625    18.80  197.65625     -3.30   197.65625     -2.50
 197.85156   -16.90  197.85156    19.20  197.85156     -2.80   197.85156     -2.10
 198.04688    11.20  198.04688    19.70  198.04688     -2.20   198.04688     -1.50
 198.24219    27.90  198.24219    20.90  198.24219     -2.20   198.24219     -2.60
 198.43750    55.20  198.43750    22.90  198.43750     -3.20   198.43750     -3.20
 198.63281    64.00  198.63281    24.60  198.63281     -3.10   198.63281     -3.10
 198.82812    75.50  198.82812    28.40  198.82812     -2.70   198.82812     -3.00
 199.02344    77.00  199.02344    30.70  199.02344     -3.00   199.02344     -2.50
 199.21875    64.90  199.21875    35.00  199.21875     -3.20   199.21875     -2.70
 199.41406    56.10  199.41406    36.40  199.41406     -2.10   199.41406     -2.50
 199.60938    34.90  199.60938    37.10  199.60938     -2.40   199.60938     -1.80
 199.80469    26.30  199.80469    32.30  199.80469     -2.40   199.80469     -2.20
