   0.00000    24.10    0.00000    11.50    0.00000     -4.90     0.00000     -4.10
   0.19531    39.70    0.19531    18.40    0.19531      1.70     0.19531      1.30
   0.39062    30.10    0.39062    13.30    0.39062     -3.00     0.39062     -2.80
   0.58594    22.70    0.58594    11.60    0.58594     -3.50     0.58594     -2.50
   0.78125    22.90    0.78125    11.70    0.78125     -3.00     0.78125     -3.00
   0.97656    23.20    0.97656    13.20    0.97656     -2.60     0.97656     -2.10
   1.17188    22.40    1.17188    15.20    1.17188     -2.90     1.17188     -1.10
   1.36719    23.00    1.36719    20.90    1.36719     -2.40     1.36719     -2.20
   1.56250    22.30    1.56250    24.50    1.56250     -2.30     1.56250     -2.00
   1.75781    22.20    1.75781    32.90    1.75781     -1.70     1.75781     -0.70
   1.95312    20.70    1.95312    34.40    1.95312     -2.10     1.95312     -2.70
   2.14844    21.40    2.14844    37.40    2.14844     -1.80     2.14844     -2.70
   2.34375    22.30    2.34375    36.60    2.34375     -2.50     2.34375     -3.10
   2.53906    22.90    2.53906    35.00    2.53906     -2.60     2.53906     -1.70
   2.73438    22.20    2.73438    34.20    2.73438     -2.30     2.73438     -2.30
   2.92969    21.70    2.92969    32.00    2.92969     -3.20     2.92969     -2.20
   3.12500    20.50    3.12500    30.60    3.12500     -3.40     3.12500     -1.30
   3.32031    19.70    3.32031    28.50    3.32031     -3.00     3.32031     -2.80
   3.51562    19.60    3.51562    27.90    3.51562     -2.40     3.51562     -3.20
   3.71094    17.60    3.71094    26.30    3.71094     -1.90     3.71094     -3.50
   3.90625    15.50    3.90625    24.70    3.90625     -2.30     3.90625     -2.90
   4.10156    14.00    4.10156    22.50    4.10156     -2.10     4.10156     -1.80
   4.29688    13.20    4.29688    21.90    4.29688     -2.50     4.29688     -2.80
   4.49219    10.90    4.49219    20.10    4.49219     -2.60     4.49219     -2.30
   4.68750    10.10    4.68750    19.10    4.68750     -3.60     4.68750     -1.60
   4.88281    12.20    4.88281    19.10    4.88281     -3.60     4.88281     -2.10
   5.07812    14.90    5.07812    19.80    5.07812     -2.70     5.07812     -2.10
   5.27344    21.20    5.27344    20.80    5.27344     -2.70     5.27344     -2.60
   5.46875    25.40    5.46875    22.30    5.46875     -3.20     5.46875     -3.10
   5.66406    34.20    5.66406    24.20    5.66406     -2.70     5.66406     -2.30
   5.85938    36.50    5.85938    26.30    5.85938     -3.00     5.85938     -3.10
   6.05469    39.50    6.05469    29.90    6.05469     -3.40     6.05469     -2.50
   6.25000    39.50    6.25000    32.10    6.25000     -3.30     6.25000     -3.50
   6.44531    38.20    6.44531    35.60    6.44531     -2.60     6.44531     -3.20
   6.64062    36.60    6.64062    36.10    6.64062     -2.20     6.64062     -3.20
   6.83594    32.60    6.83594    32.20    6.83594     -2.40     6.83594     -2.50
   7.03125    31.00    7.03125    25.70    7.03125     -2.00     7.03125     -2.50
   7.22656    28.50    7.22656     7.20    7.22656     -3.50     7.22656     -3.20
   7.42188    27.60    7.42188     0.20    7.42188     -2.30     7.42188     -2.70
   7.61719    26.50    7.61719   -10.10    7.61719     -2.40     7.61719     -2.00
   7.81250    25.40    7.81250   -15.10    7.81250     -2.00     7.81250     -2.20
   8.00781    22.90    8.00781   -24.00    8.00781     -1.90     8.00781     -2.60
   8.20312    22.20    8.20312   -27.90    8.20312     -2.20     8.20312     -2.60
   8.39844    21.10    8.39844   -34.40    8.39844     -1.70     8.39844     -1.80
   8.59375    19.80    8.59375   -33.70    8.59375     -2.30     8.59375     -3.10
   8.78906    19.50    8.78906   -26.70    8.78906     -2.80     8.78906     -2.20
   8.98438    18.20    8.98438   -20.60    8.98438     -3.10     8.98438     -2.70
   9.17969    18.60    9.17969   -11.70    9.17969     -3.00     9.17969     -1.80
   9.37500    19.70    9.37500    -9.90    9.37500     -3.00     9.37500     -2.50
   9.57031    22.60    9.57031   -19.40    9.57031     -2.90     9.57031     -2.70
   9.76562    24.40    9.76562   -21.00    9.76562     -2.90     9.76562     -3.40
   9.96094    29.90    9.96094   -30.10    9.96094     -2.80     9.96094     -3.60
  10.15625    32.40   10.15625   -32.10   10.15625     -2.90    10.15625     -3.30
  10.35156    34.00   10.35156   -33.10   10.35156     -2.00    10.35156     -3.90
  10.54688    32.00   10.54688   -32.20   10.54688     -2.60    10.54688     -3.50
  10.74219    19.80   10.74219   -32.00   10.74219     -1.70    10.74219     -3.00
  10.93750    12.80   10.93750   -31.60   10.93750     -3.20    10.93750     -3.00
  11.13281    -4.80   11.13281   -32.10   11.13281     -3.70    11.13281     -1.80
  11.32812   -10.80   11.32812   -32.20   11.32812     -3.30    11.32812     -2.00
  11.52344   -20.80   11.52344   -32.40   11.52344     -3.00    11.52344     -2.00
  11.71875   -26.50   11.71875   -34.00   11.71875     -3.80    11.71875     -2.80
  11.91406   -36.20   11.91406   -34.00   11.91406     -3.60    11.91406     -2.30
  12.10938   -38.70   12.10938   -33.50   12.10938     -3.50    12.10938     -3.00
  12.30469   -35.90   12.30469   -33.70   12.30469     -2.50    12.30469     -2.50
  12.50000   -29.80   12.50000   -34.20   12.50000     -2.40    12.50000     -2.00
  12.69531   -18.90   12.69531   -34.10   12.69531     -2.70    12.69531     -2.80
  12.89062   -15.30   12.89062   -34.00   12.89062     -2.70    12.89062     -2.20
  13.08594   -13.70   13.08594   -37.00   13.08594     -2.70    13.08594     -2.60
  13.28125   -15.60   13.28125   -37.10   13.28125     -3.20    13.28125     -2.60
  13.47656   -23.20   13.47656   -36.90   13.47656     -3.00    13.47656     -3.00
  13.67188   -26.00   13.67188   -36.50   13.67188     -2.90    13.67188     -2.90
  13.86719   -31.20   13.86719   -35.90   13.86719     -2.30    13.86719     -2.40
  14.06250   -32.30   14.06250   -36.00   14.06250     -3.30    14.06250     -3.00
  14.25781   -33.40   14.25781   -36.70   14.25781     -2.70    14.25781     -1.60
  14.45312   -33.60   14.45312   -36.90   14.45312     -2.20    14.45312     -2.70
  14.64844   -33.20   14.64844   -38.10   14.64844     -3.10    14.64844     -1.80
  14.84375   -34.00   14.84375   -38.40   14.84375     -2.70    14.84375     -2.30
  15.03906   -35.10   15.03906   -38.90   15.03906     -2.30    15.03906     -3.20
  15.23438   -35.50   15.23438   -39.10   15.23438     -2.70    15.23438     -3.60
  15.42969   -35.90   15.42969   -39.40   15.42969     -2.10    15.42969     -2.70
  15.62500   -36.50   15.62500   -40.70   15.62500     -3.50    15.62500     -3.20
  15.82031   -36.70   15.82031   -40.70   15.82031     -3.30    15.82031     -2.70
  16.01562   -36.20   16.01562   -41.70   16.01562     -4.50    16.01562     -2.20
  16.21094   -34.80   16.21094   -41.20   16.21094     -3.20    16.21094     -2.20
  16.40625   -34.90   16.40625   -41.40   16.40625     -3.60    16.40625     -3.10
  16.60156   -36.60   16.60156   -41.00   16.60156     -1.80    16.60156     -2.20
  16.79688   -36.90   16.79688   -41.60   16.79688     -2.90    16.79688     -2.90
  16.99219   -38.60   16.99219   -41.20   16.99219     -2.80    16.99219     -2.80
  17.18750   -38.10   17.18750   -43.10   17.18750     -2.60    17.18750     -3.10
  17.38281   -37.60   17.38281   -43.20   17.38281     -2.30    17.38281     -2.50
  17.57812   -37.80   17.57812   -42.50   17.57812     -2.20    17.57812     -2.40
  17.77344   -38.00   17.77344   -43.70   17.77344     -2.70    17.77344     -2.50
  17.96875   -39.00   17.96875   -43.00   17.96875     -2.60    17.96875     -2.50
  18.16406   -40.30   18.16406   -43.00   18.16406     -2.80    18.16406     -2.80
  18.35938   -40.60   18.35938   -42.70   18.35938     -2.80    18.35938     -2.30
  18.55469   -41.80   18.55469   -43.40   18.55469     -2.50    18.55469     -2.60
  18.75000   -42.00   18.75000   -42.90   18.75000     -3.00    18.75000     -3.00
  18.94531   -41.80   18.94531   -42.10   18.94531     -3.20    18.94531     -3.50
  19.14062   -41.70   19.14062   -40.50   19.14062     -2.70    19.14062     -3.00
  19.33594   -41.60   19.33594   -27.00   19.33594     -2.50    19.33594     -4.10
  19.53125   -42.30   19.53125   -14.50   19.53125     -2.60    19.53125     -1.90
  19.72656   -43.10   19.72656    13.50   19.72656     -2.70    19.72656     -1.90
  19.92188   -43.50   19.92188    25.40   19.92188     -3.20    19.92188     -2.30
  20.11719   -43.50   20.11719    48.50   20.11719     -2.60    20.11719     -1.80
  20.31250   -43.50   20.31250    57.10   20.31250     -2.70    20.31250     -1.50
  20.50781   -43.70   20.50781    67.60   20.50781     -3.20    20.50781     -2.20
  20.70312   -43.50   20.70312    68.90   20.70312     -3.20    20.70312     -2.70
  20.89844   -43.90   20.89844    60.30   20.89844     -3.00    20.89844     -2.90
  21.09375   -43.80   21.09375    52.00   21.09375     -3.40    21.09375     -1.80
  21.28906   -43.50   21.28906    32.50   21.28906     -2.90    21.28906     -3.10
  21.48438   -43.90   21.48438    28.80   21.48438     -3.30    21.48438     -3.10
  21.67969   -44.00   21.67969    22.90   21.67969     -3.10    21.67969     -3.30
  21.87500   -44.00   21.87500    22.10   21.87500     -2.90    21.87500     -2.70
  22.07031   -43.70   22.07031    22.30   22.07031     -3.00    22.07031     -3.40
  22.26562   -44.40   22.26562    22.60   22.26562     -2.90    22.26562     -3.40
  22.46094   -44.80   22.46094    21.10   22.46094     -2.60    22.46094     -3.10
  22.65625   -44.80   22.65625    20.40   22.65625     -2.70    22.65625     -1.90
  22.85156   -40.10   22.85156    19.30   22.85156     -3.20    22.85156     -2.70
  23.04688   -35.00   23.04688    19.40   23.04688     -2.80    23.04688     -2.10
  23.24219   -12.20   23.24219    21.00   23.24219     -3.30    23.24219     -3.00
  23.43750     3.50   23.43750    19.80   23.43750     -2.60    23.43750     -2.70
  23.63281    37.40   23.63281    19.90   23.63281     -2.70    23.63281     -2.80
  23.82812    44.60   23.82812    19.60   23.82812     -2.90    23.82812     -2.90
  24.02344    65.40   24.02344    19.70   24.02344     -3.40    24.02344     -2.90
  24.21875    71.70   24.21875    19.70   24.21875     -2.70    24.21875     -3.20
  24.41406    73.20   24.41406    17.80   24.41406     -3.00    24.41406     -2.90
  24.60938    68.80   24.60938    16.90   24.60938     -2.90    24.60938     -2.50
  24.80469    56.60   24.80469    17.10   24.80469     -3.00    24.80469     -4.00
  25.00000    42.00   25.00000    14.90   25.00000     -2.10    25.00000     -3.20
  25.19531    28.20   25.19531    13.00   25.19531     -2.60    25.19531     -3.30
  25.39062    24.00   25.39062    11.50   25.39062     -2.70    25.39062     -3.00
  25.58594    22.60   25.58594    11.20   25.58594     -2.10    25.58594     -2.40
  25.78125    22.50   25.78125    11.30   25.78125     -2.50    25.78125     -2.00
  25.97656    23.50   25.97656    14.80   25.97656     -2.20    25.97656     -1.70
  26.17188    23.50   26.17188    17.10   26.17188     -2.70    26.17188     -1.10
  26.36719    23.20   26.36719    25.50   26.36719     -2.60    26.36719     -2.40
  26.56250    22.40   26.56250    28.60   26.56250     -2.50    26.56250     -2.50
  26.75781    21.70   26.75781    34.20   26.75781     -1.80    26.75781     -2.90
  26.95312    21.50   26.95312    36.10   26.95312     -3.10    26.95312     -3.50
  27.14844    21.50   27.14844    36.60   27.14844     -3.20    27.14844     -3.20
  27.34375    20.80   27.34375    35.60   27.34375     -3.20    27.34375     -3.20
  27.53906    21.50   27.53906    34.50   27.53906     -2.80    27.53906     -3.20
  27.73438    21.50   27.73438    33.30   27.73438     -2.90    27.73438     -3.00
  27.92969    20.90   27.92969    30.80   27.92969     -2.20    27.92969     -3.40
  28.12500    20.20   28.12500    29.30   28.12500     -2.50    28.12500     -3.40
  28.32031    19.10   28.32031    27.20   28.32031     -2.30    28.32031     -2.10
  28.51562    18.40   28.51562    26.80   28.51562     -2.30    28.51562     -2.60
  28.71094    15.90   28.71094    25.40   28.71094     -2.70    28.71094     -2.10
  28.90625    14.90   28.90625    23.90   28.90625     -2.00    28.90625     -1.80
  29.10156    12.30   29.10156    22.00   29.10156     -2.80    29.10156     -2.00
  29.29688    11.70   29.29688    21.10   29.29688     -3.10    29.29688     -3.10
  29.49219    10.10   29.49219    18.80   29.49219     -2.80    29.49219     -1.80
  29.68750    11.30   29.68750    18.20   29.68750     -2.30    29.68750     -2.20
  29.88281    13.60   29.88281    18.70   29.88281     -3.50    29.88281     -2.20
  30.07812    16.40   30.07812    19.60   30.07812     -3.00    30.07812     -2.30
  30.27344    25.30   30.27344    21.10   30.27344     -3.30    30.27344     -2.40
  30.46875    30.80   30.46875    21.80   30.46875     -3.10    30.46875     -3.30
  30.66406    36.80   30.66406    25.60   30.66406     -2.60    30.66406     -2.50
  30.85938    38.60   30.85938    27.40   30.85938     -3.20    30.85938     -2.70
  31.05469    40.20   31.05469    32.20   31.05469     -1.80    31.05469     -2.30
  31.25000    39.90   31.25000    34.60   31.25000     -2.60    31.25000     -2.20
  31.44531    36.70   31.44531    35.90   31.44531     -2.80    31.44531     -3.00
  31.64062    35.00   31.64062    34.50   31.64062     -2.80    31.64062     -2.70
  31.83594    31.40   31.83594    22.80   31.83594     -3.50    31.83594     -2.80
  32.03125    29.80   32.03125    14.80   32.03125     -2.10    32.03125     -1.00
  32.22656    26.70   32.22656    -2.50   32.22656     -3.30    32.22656     -2.60
  32.42188    26.20   32.42188    -6.70   32.42188     -3.20    32.42188     -3.30
  32.61719    25.80   32.61719   -14.50   32.61719     -3.30    32.61719     -3.30
  32.81250    24.40   32.81250   -19.40   32.81250     -3.20    32.81250     -3.20
  33.00781    23.50   33.00781   -30.40   33.00781     -3.10    33.00781     -3.00
  33.20312    22.60   33.20312   -33.40   33.20312     -3.00    33.20312     -3.30
  33.39844    20.80   33.39844   -33.50   33.39844     -3.10    33.39844     -3.20
  33.59375    19.70   33.59375   -29.90   33.59375     -3.60    33.59375     -3.20
  33.78906    18.80   33.78906   -17.90   33.78906     -2.70    33.78906     -2.60
  33.98438    19.40   33.98438   -12.30   33.98438     -2.70    33.98438     -2.50
  34.17969    19.20   34.17969   -12.30   34.17969     -2.20    34.17969     -2.30
  34.37500    21.20   34.37500   -15.20   34.37500     -3.00    34.37500     -2.80
  34.57031    25.70   34.57031   -25.20   34.57031     -2.60    34.57031     -2.40
  34.76562    28.60   34.76562   -27.80   34.76562     -1.80    34.76562     -2.30
  34.96094    31.90   34.96094   -31.60   34.96094     -2.50    34.96094     -2.90
  35.15625    32.90   35.15625   -33.00   35.15625     -3.00    35.15625     -2.70
  35.35156    32.10   35.35156   -32.10   35.35156     -2.30    35.35156     -2.50
  35.54688    24.30   35.54688   -31.50   35.54688     -2.70    35.54688     -2.20
  35.74219     9.00   35.74219   -31.80   35.74219     -2.30    35.74219     -2.00
  35.93750     2.40   35.93750   -31.40   35.93750     -2.50    35.93750     -2.10
  36.13281    -8.00   36.13281   -31.30   36.13281     -2.50    36.13281     -2.30
  36.32812   -15.40   36.32812   -31.70   36.32812     -3.10    36.32812     -2.40
  36.52344   -28.60   36.52344   -31.60   36.52344     -3.10    36.52344     -2.70
  36.71875   -31.50   36.71875   -33.50   36.71875     -2.10    36.71875     -2.70
  36.91406   -37.10   36.91406   -34.40   36.91406     -2.10    36.91406     -2.20
  37.10938   -37.00   37.10938   -34.10   37.10938     -2.80    37.10938     -2.70
  37.30469   -31.60   37.30469   -34.60   37.30469     -3.20    37.30469     -3.00
  37.50000   -24.70   37.50000   -34.80   37.50000     -2.90    37.50000     -2.50
  37.69531   -16.50   37.69531   -35.40   37.69531     -3.60    37.69531     -3.20
  37.89062   -13.20   37.89062   -36.10   37.89062     -3.20    37.89062     -2.00
  38.08594   -14.40   38.08594   -37.20   38.08594     -2.60    38.08594     -3.00
  38.28125   -18.00   38.28125   -37.10   38.28125     -2.30    38.28125     -3.20
  38.47656   -24.60   38.47656   -36.40   38.47656     -3.10    38.47656     -3.20
  38.67188   -28.80   38.67188   -36.40   38.67188     -2.60    38.67188     -2.20
  38.86719   -31.10   38.86719   -36.20   38.86719     -2.50    38.86719     -3.00
  39.06250   -32.10   39.06250   -36.60   39.06250     -2.80    39.06250     -2.80
  39.25781   -32.60   39.25781   -37.70   39.25781     -2.70    39.25781     -2.30
  39.45312   -33.80   39.45312   -38.70   39.45312     -2.60    39.45312     -2.70
  39.64844   -34.00   39.64844   -39.10   39.64844     -3.10    39.64844     -2.30
  39.84375   -34.20   39.84375   -38.50   39.84375     -2.90    39.84375     -2.10
  40.03906   -34.70   40.03906   -39.20   40.03906     -3.80    40.03906     -2.60
  40.23438   -35.90   40.23438   -39.00   40.23438     -2.20    40.23438     -2.30
  40.42969   -36.90   40.42969   -40.20   40.42969     -2.60    40.42969     -2.40
  40.62500   -36.90   40.62500   -40.10   40.62500     -2.80    40.62500     -1.90
  40.82031   -35.80   40.82031   -40.90   40.82031     -2.30    40.82031     -2.00
  41.01562   -36.20   41.01562   -41.00   41.01562     -1.80    41.01562     -1.70
  41.21094   -36.00   41.21094   -41.40   41.21094     -2.10    41.21094     -0.80
  41.40625   -35.80   41.40625   -41.20   41.40625     -2.60    41.40625     -2.80
  41.60156   -36.40   41.60156   -40.90   41.60156     -2.40    41.60156     -2.20
  41.79688   -37.90   41.79688   -42.30   41.79688     -2.30    41.79688     -2.30
  41.99219   -37.80   41.99219   -41.40   41.99219     -2.50    41.99219     -3.00
  42.18750   -38.70   42.18750   -41.90   42.18750     -2.90    42.18750     -1.70
  42.38281   -37.90   42.38281   -42.20   42.38281     -3.90    42.38281     -2.00
  42.57812   -37.30   42.57812   -41.90   42.57812     -2.70    42.57812     -2.30
  42.77344   -37.40   42.77344   -42.40   42.77344     -2.60    42.77344     -1.60
  42.96875   -38.60   42.96875   -42.90   42.96875     -2.00    42.96875     -2.30
  43.16406   -40.10   43.16406   -43.10   43.16406     -2.00    43.16406     -2.60
  43.35938   -40.50   43.35938   -43.00   43.35938     -1.80    43.35938     -2.60
  43.55469   -41.50   43.55469   -43.30   43.55469     -2.40    43.55469     -2.10
  43.75000   -41.50   43.75000   -43.40   43.75000     -2.50    43.75000     -2.90
  43.94531   -41.10   43.94531   -41.70   43.94531     -2.50    43.94531     -1.90
  44.14062   -41.40   44.14062   -39.30   44.14062     -2.60    44.14062     -2.80
  44.33594   -41.60   44.33594   -20.60   44.33594     -3.20    44.33594     -2.60
  44.53125   -41.60   44.53125    -9.50   44.53125     -3.40    44.53125     -2.80
  44.72656   -43.00   44.72656    17.50   44.72656     -2.30    44.72656     -3.00
  44.92188   -43.70   44.92188    32.00   44.92188     -3.40    44.92188     -2.30
  45.11719   -43.50   45.11719    52.50   45.11719     -2.10    45.11719     -2.40
  45.31250   -44.10   45.31250    62.30   45.31250     -2.60    45.31250     -2.60
  45.50781   -43.40   45.50781    70.00   45.50781     -3.20    45.50781     -2.90
  45.70312   -44.00   45.70312    69.20   45.70312     -2.10    45.70312     -2.40
  45.89844   -44.20   45.89844    57.50   45.89844     -2.60    45.89844     -3.20
  46.09375   -44.10   46.09375    48.30   46.09375     -2.50    46.09375     -3.10
  46.28906   -44.20   46.28906    31.10   46.28906     -3.10    46.28906     -3.30
  46.48438   -43.60   46.48438    24.30   46.48438     -3.10    46.48438     -2.10
  46.67969   -43.40   46.67969    22.40   46.67969     -3.10    46.67969     -1.90
  46.87500   -43.80   46.87500    22.00   46.87500     -3.50    46.87500     -1.70
  47.07031   -43.90   47.07031    22.60   47.07031     -2.90    47.07031     -2.70
  47.26562   -44.70   47.26562    21.30   47.26562     -2.70    47.26562     -2.50
  47.46094   -44.20   47.46094    20.60   47.46094     -2.80    47.46094     -2.60
  47.65625   -43.10   47.65625    20.50   47.65625     -2.90    47.65625     -2.80
  47.85156   -35.50   47.85156    20.20   47.85156     -2.40    47.85156     -3.10
  48.04688   -23.50   48.04688    20.70   48.04688     -1.90    48.04688     -3.20
  48.24219    -1.80   48.24219    20.60   48.24219     -3.00    48.24219     -2.70
  48.43750    13.10   48.43750    20.10   48.43750     -3.40    48.43750     -2.70
  48.63281    40.70   48.63281    20.10   48.63281     -3.50    48.63281     -0.80
  48.82812    54.20   48.82812    19.50   48.82812     -3.70    48.82812     -0.80
  49.02344    69.30   49.02344    19.50   49.02344     -3.20    49.02344     -2.20
  49.21875    72.90   49.21875    18.40   49.21875     -3.30    49.21875     -2.00
  49.41406    71.90   49.41406    16.10   49.41406     -3.10    49.41406     -2.70
  49.60938    61.80   49.60938    16.10   49.60938     -2.80    49.60938     -2.70
  49.80469    47.10   49.80469    14.90   49.80469     -2.00    49.80469     -3.00
  50.00000    36.70   50.00000    14.30   50.00000     -2.50    50.00000     -3.20
  50.19531    24.90   50.19531    12.40   50.19531     -2.00    50.19531     -2.30
  50.39062    23.20   50.39062    12.20   50.39062     -1.80    50.39062     -1.40
  50.58594    23.20   50.58594    12.30   50.58594     -1.90    50.58594     -1.70
  50.78125    22.80   50.78125    13.20   50.78125     -3.10    50.78125     -2.30
  50.97656    22.70   50.97656    17.60   50.97656     -3.00    50.97656     -3.00
  51.17188    22.30   51.17188    21.70   51.17188     -3.30    51.17188     -2.40
  51.36719    22.00   51.36719    28.30   51.36719     -2.80    51.36719     -1.90
  51.56250    21.70   51.56250    31.30   51.56250     -2.90    51.56250     -3.00
  51.75781    21.10   51.75781    35.70   51.75781     -3.10    51.75781     -2.90
  51.95312    21.20   51.95312    36.80   51.95312     -2.60    51.95312     -2.10
  52.14844    21.50   52.14844    35.30   52.14844     -2.90    52.14844     -3.70
  52.34375    21.50   52.34375    34.50   52.34375     -3.30    52.34375     -2.40
  52.53906    22.20   52.53906    33.30   52.53906     -2.90    52.53906     -2.70
  52.73438    21.80   52.73438    32.20   52.73438     -3.50    52.73438     -2.10
  52.92969    20.70   52.92969    30.50   52.92969     -2.70    52.92969     -2.50
  53.12500    19.60   53.12500    27.90   53.12500     -3.10    53.12500     -2.60
  53.32031    18.90   53.32031    27.30   53.32031     -2.20    53.32031     -2.60
  53.51562    17.40   53.51562    25.60   53.51562     -1.80    53.51562     -2.70
  53.71094    15.20   53.71094    23.10   53.71094     -2.60    53.71094     -2.80
  53.90625    13.60   53.90625    22.60   53.90625     -2.40    53.90625     -3.30
  54.10156    11.70   54.10156    20.50   54.10156     -3.50    54.10156     -3.00
  54.29688    11.10   54.29688    18.90   54.29688     -2.60    54.29688     -3.00
  54.49219    10.70   54.49219    19.40   54.49219     -2.80    54.49219     -2.70
  54.68750    12.30   54.68750    18.90   54.68750     -2.70    54.68750     -2.60
  54.88281    17.90   54.88281    19.70   54.88281     -2.60    54.88281     -2.20
  55.07812    22.40   55.07812    20.60   55.07812     -2.60    55.07812     -3.20
  55.27344    30.00   55.27344    23.10   55.27344     -2.60    55.27344     -3.10
  55.46875    34.10   55.46875    25.10   55.46875     -1.40    55.46875     -2.80
  55.66406    38.60   55.66406    29.80   55.66406     -2.50    55.66406     -3.00
  55.85938    39.60   55.85938    30.90   55.85938     -2.90    55.85938     -2.00
  56.05469    39.70   56.05469    34.60   56.05469     -3.10    56.05469     -2.20
  56.25000    38.00   56.25000    36.20   56.25000     -2.90    56.25000     -2.40
  56.44531    35.00   56.44531    34.60   56.44531     -2.50    56.44531     -2.40
  56.64062    32.40   56.64062    29.10   56.64062     -2.90    56.64062     -2.70
  56.83594    29.30   56.83594    13.70   56.83594     -2.70    56.83594     -2.70
  57.03125    28.20   57.03125     5.10   57.03125     -3.40    57.03125     -2.60
  57.22656    26.80   57.22656    -8.90   57.22656     -2.80    57.22656     -3.00
  57.42188    26.90   57.42188   -13.60   57.42188     -3.00    57.42188     -1.70
  57.61719    24.90   57.61719   -19.50   57.61719     -2.60    57.61719     -2.60
  57.81250    24.10   57.81250   -23.70   57.81250     -2.10    57.81250     -2.20
  58.00781    22.20   58.00781   -32.30   58.00781     -2.10    58.00781     -2.60
  58.20312    20.60   58.20312   -34.70   58.20312     -2.30    58.20312     -3.00
  58.39844    19.70   58.39844   -30.70   58.39844     -1.50    58.39844     -1.90
  58.59375    18.50   58.59375   -24.80   58.59375     -2.90    58.59375     -2.10
  58.78906    18.30   58.78906   -15.50   58.78906     -2.60    58.78906     -2.50
  58.98438    18.50   58.98438   -11.60   58.98438     -3.30    58.98438     -2.60
  59.17969    21.70   59.17969   -14.40   59.17969     -3.40    59.17969     -2.20
  59.37500    23.30   59.37500   -18.40   59.37500     -3.00    59.37500     -2.50
  59.57031    27.40   59.57031   -27.80   59.57031     -3.40    59.57031     -2.70
  59.76562    30.20   59.76562   -31.50   59.76562     -3.70    59.76562     -2.70
  59.96094    33.60   59.96094   -33.00   59.96094     -3.00    59.96094     -1.40
  60.15625    33.40   60.15625   -33.20   60.15625     -2.60    60.15625     -3.00
  60.35156    28.10   60.35156   -32.20   60.35156     -2.30    60.35156     -2.80
  60.54688    20.10   60.54688   -31.80   60.54688     -2.70    60.54688     -3.00
  60.74219     2.00   60.74219   -31.40   60.74219     -3.40    60.74219     -2.50
  60.93750    -5.50   60.93750   -31.10   60.93750     -3.30    60.93750     -2.40
  61.13281   -16.10   61.13281   -32.00   61.13281     -2.50    61.13281     -2.40
  61.32812   -22.50   61.32812   -33.00   61.32812     -2.90    61.32812     -2.80
  61.52344   -30.80   61.52344   -33.60   61.52344     -3.20    61.52344     -2.70
  61.71875   -36.10   61.71875   -33.70   61.71875     -1.70    61.71875     -2.80
  61.91406   -37.10   61.91406   -33.50   61.91406     -2.10    61.91406     -2.70
  62.10938   -34.50   62.10938   -32.80   62.10938     -2.20    62.10938     -1.60
  62.30469   -25.50   62.30469   -33.70   62.30469     -3.10    62.30469     -1.70
  62.50000   -19.70   62.50000   -34.20   62.50000     -3.10    62.50000     -2.10
  62.69531   -12.60   62.69531   -36.50   62.69531     -2.90    62.69531     -3.50
  62.89062   -13.40   62.89062   -36.60   62.89062     -3.60    62.89062     -2.70
  63.08594   -18.20   63.08594   -37.40   63.08594     -2.90    63.08594     -2.20
  63.28125   -22.70   63.28125   -36.60   63.28125     -2.70    63.28125     -3.20
  63.47656   -27.90   63.47656   -35.40   63.47656     -2.60    63.47656     -2.70
  63.67188   -30.30   63.67188   -35.70   63.67188     -3.80    63.67188     -3.00
  63.86719   -31.90   63.86719   -35.60   63.86719     -2.60    63.86719     -2.40
  64.06250   -33.40   64.06250   -36.40   64.06250     -2.00    64.06250     -1.90
  64.25781   -33.40   64.25781   -37.50   64.25781     -2.50    64.25781     -2.40
  64.45312   -33.70   64.45312   -38.00   64.45312     -3.10    64.45312     -3.10
  64.64844   -33.80   64.64844   -39.10   64.64844     -3.30    64.64844     -2.80
  64.84375   -35.00   64.84375   -40.00   64.84375     -3.80    64.84375     -2.80
  65.03906   -36.20   65.03906   -40.50   65.03906     -3.00    65.03906     -2.60
  65.23438   -36.30   65.23438   -40.60   65.23438     -2.70    65.23438     -2.30
  65.42969   -36.90   65.42969   -40.80   65.42969     -3.20    65.42969     -1.40
  65.62500   -36.90   65.62500   -41.40   65.62500     -3.30    65.62500     -2.00
  65.82031   -36.00   65.82031   -40.80   65.82031     -3.20    65.82031     -2.70
  66.01562   -36.00   66.01562   -41.40   66.01562     -2.60    66.01562     -2.80
  66.21094   -36.50   66.21094   -41.20   66.21094     -2.70    66.21094     -2.90
  66.40625   -37.00   66.40625   -41.00   66.40625     -2.80    66.40625     -2.70
  66.60156   -37.90   66.60156   -41.70   66.60156     -1.50    66.60156     -2.30
  66.79688   -38.60   66.79688   -41.70   66.79688     -2.70    66.79688     -1.60
  66.99219   -37.20   66.99219   -42.80   66.99219     -2.90    66.99219     -2.30
  67.18750   -37.00   67.18750   -43.10   67.18750     -2.30    67.18750     -2.90
  67.38281   -36.60   67.38281   -42.40   67.38281     -3.10    67.38281     -3.20
  67.57812   -37.00   67.57812   -42.50   67.57812     -3.50    67.57812     -2.90
  67.77344   -38.00   67.77344   -42.40   67.77344     -3.40    67.77344     -3.40
  67.96875   -39.80   67.96875   -42.70   67.96875     -2.80    67.96875     -3.10
  68.16406   -40.30   68.16406   -42.80   68.16406     -3.10    68.16406     -2.30
  68.35938   -41.70   68.35938   -43.20   68.35938     -2.70    68.35938     -1.10
  68.55469   -41.40   68.55469   -42.90   68.55469     -1.70    68.55469     -2.30
  68.75000   -41.40   68.75000   -41.80   68.75000     -2.20    68.75000     -1.70
  68.94531   -41.40   68.94531   -35.00   68.94531     -2.60    68.94531     -2.70
  69.14062   -41.70   69.14062   -25.10   69.14062     -2.40    69.14062     -2.40
  69.33594   -42.40   69.33594    -1.00   69.33594     -2.80    69.33594     -1.50
  69.53125   -42.60   69.53125    15.90   69.53125     -4.00    69.53125     -2.60
  69.72656   -42.90   69.72656    40.30   69.72656     -4.10    69.72656     -2.70
  69.92188   -42.50   69.92188    52.30   69.92188     -3.50    69.92188     -3.10
  70.11719   -42.90   70.11719    66.20   70.11719     -2.60    70.11719     -2.40
  70.31250   -42.90   70.31250    70.10   70.31250     -2.20    70.31250     -2.10
  70.50781   -43.00   70.50781    66.90   70.50781     -2.30    70.50781     -2.40
  70.70312   -43.50   70.70312    58.30   70.70312     -2.70    70.70312     -2.30
  70.89844   -44.20   70.89844    40.80   70.89844     -2.70    70.89844     -2.60
  71.09375   -44.50   71.09375    35.00   71.09375     -3.00    71.09375     -1.60
  71.28906   -43.80   71.28906    24.80   71.28906     -3.70    71.28906     -2.60
  71.48438   -44.60   71.48438    22.60   71.48438     -2.40    71.48438     -2.50
  71.67969   -44.30   71.67969    22.40   71.67969     -3.10    71.67969     -2.60
  71.87500   -43.80   71.87500    23.00   71.87500     -2.80    71.87500     -2.90
  72.07031   -43.70   72.07031    21.00   72.07031     -1.60    72.07031     -2.80
  72.26562   -44.10   72.26562    20.70   72.26562     -1.90    72.26562     -2.70
  72.46094   -42.80   72.46094    19.80   72.46094     -2.50    72.46094     -2.80
  72.65625   -36.90   72.65625    19.90   72.65625     -2.10    72.65625     -3.10
  72.85156   -19.80   72.85156    20.90   72.85156     -1.90    72.85156     -2.00
  73.04688     0.00   73.04688    20.80   73.04688     -2.90    73.04688     -2.70
  73.24219    24.90   73.24219    20.80   73.24219     -3.10    73.24219     -2.80
  73.43750    43.00   73.43750    20.10   73.43750     -3.80    73.43750     -1.70
  73.63281    60.20   73.63281    21.20   73.63281     -3.90    73.63281     -1.80
  73.82812    67.40   73.82812    19.30   73.82812     -2.40    73.82812     -2.40
  74.02344    73.80   74.02344    18.60   74.02344     -2.80    74.02344     -3.30
  74.21875    73.10   74.21875    18.50   74.21875     -2.90    74.21875     -2.20
  74.41406    58.00   74.41406    16.70   74.41406     -2.50    74.41406     -3.20
  74.60938    44.60   74.60938    15.00   74.60938     -2.80    74.60938     -2.00
  74.80469    30.80   74.80469    14.70   74.80469     -2.30    74.80469     -2.40
  75.00000    25.10   75.00000    12.60   75.00000     -2.50    75.00000     -1.50
  75.19531    23.30   75.19531    11.20   75.19531     -2.70    75.19531     -2.40
  75.39062    22.80   75.39062    11.40   75.39062     -3.10    75.39062     -3.00
  75.58594    23.20   75.58594    13.40   75.58594     -2.80    75.58594     -2.40
  75.78125    23.50   75.78125    16.20   75.78125     -2.60    75.78125     -2.00
  75.97656    22.80   75.97656    23.30   75.97656     -2.50    75.97656     -2.00
  76.17188    22.40   76.17188    28.50   76.17188     -1.70    76.17188     -2.30
  76.36719    21.90   76.36719    33.40   76.36719     -3.10    76.36719     -1.60
  76.56250    21.50   76.56250    36.20   76.56250     -3.70    76.56250     -2.20
  76.75781    21.90   76.75781    36.80   76.75781     -3.80    76.75781     -2.90
  76.95312    22.20   76.95312    36.40   76.95312     -3.60    76.95312     -3.10
  77.14844    22.40   77.14844    35.10   77.14844     -2.70    77.14844     -2.20
  77.34375    22.30   77.34375    33.90   77.34375     -2.30    77.34375     -2.40
  77.53906    21.30   77.53906    32.10   77.53906     -2.80    77.53906     -1.60
  77.73438    20.50   77.73438    30.40   77.73438     -3.20    77.73438     -2.50
  77.92969    19.60   77.92969    28.40   77.92969     -2.00    77.92969     -2.40
  78.12500    17.90   78.12500    27.10   78.12500     -1.90    78.12500     -2.00
  78.32031    15.80   78.32031    24.40   78.32031     -2.50    78.32031     -2.50
  78.51562    15.30   78.51562    23.50   78.51562     -2.80    78.51562     -2.90
  78.71094    12.90   78.71094    21.10   78.71094     -3.00    78.71094     -2.50
  78.90625    12.20   78.90625    20.70   78.90625     -3.30    78.90625     -2.60
  79.10156    10.10   79.10156    20.10   79.10156     -2.90    79.10156     -2.60
  79.29688    10.10   79.29688    19.30   79.29688     -3.40    79.29688     -2.30
  79.49219    12.80   79.49219    19.20   79.49219     -2.20    79.49219     -1.80
  79.68750    16.40   79.68750    19.80   79.68750     -2.60    79.68750     -3.20
  79.88281    24.90   79.88281    21.90   79.88281     -3.50    79.88281     -2.20
  80.07812    29.50   80.07812    22.90   80.07812     -3.00    80.07812     -2.30
  80.27344    36.40   80.27344    25.20   80.27344     -3.00    80.27344     -2.80
  80.46875    38.80   80.46875    27.90   80.46875     -2.50    80.46875     -2.70
  80.66406    39.80   80.66406    31.10   80.66406     -2.60    80.66406     -2.40
  80.85938    39.50   80.85938    33.50   80.85938     -3.30    80.85938     -2.90
  81.05469    37.80   81.05469    35.90   81.05469     -2.40    81.05469     -2.40
  81.25000    35.70   81.25000    35.60   81.25000     -3.50    81.25000     -2.20
  81.44531    32.00   81.44531    28.60   81.44531     -2.10    81.44531     -3.10
  81.64062    30.10   81.64062    18.60   81.64062     -3.60    81.64062     -2.40
  81.83594    27.30   81.83594     3.10   81.83594     -3.00    81.83594     -2.40
  82.03125    26.90   82.03125    -5.00   82.03125     -2.90    82.03125     -1.20
  82.22656    25.70   82.22656   -13.20   82.22656     -1.80    82.22656     -2.40
  82.42188    24.40   82.42188   -17.20   82.42188     -2.60    82.42188     -1.30
  82.61719    23.80   82.61719   -26.70   82.61719     -2.60    82.61719     -2.60
  82.81250    22.80   82.81250   -30.20   82.81250     -1.70    82.81250     -2.50
  83.00781    21.20   83.00781   -34.10   83.00781     -2.70    83.00781     -2.70
  83.20312    20.60   83.20312   -32.70   83.20312     -2.90    83.20312     -3.10
  83.39844    19.10   83.39844   -24.10   83.39844     -2.40    83.39844     -3.10
  83.59375    19.10   83.59375   -17.60   83.59375     -2.70    83.59375     -2.90
  83.78906    18.70   83.78906   -10.80   83.78906     -2.90    83.78906     -3.10
  83.98438    20.20   83.98438   -13.20   83.98438     -3.00    83.98438     -2.20
  84.17969    22.80   84.17969   -20.00   84.17969     -2.60    84.17969     -2.50
  84.37500    25.10   84.37500   -25.80   84.37500     -2.60    84.37500     -2.30
  84.57031    30.00   84.57031   -31.00   84.57031     -2.20    84.57031     -3.20
  84.76562    32.70   84.76562   -33.00   84.76562     -2.30    84.76562     -2.70
  84.96094    34.10   84.96094   -33.00   84.96094     -2.50    84.96094     -2.10
  85.15625    32.20   85.15625   -32.70   85.15625     -3.00    85.15625     -2.20
  85.35156    22.00   85.35156   -30.80   85.35156     -2.90    85.35156     -1.20
  85.54688    10.70   85.54688   -30.50   85.54688     -3.60    85.54688     -1.80
  85.74219    -1.80   85.74219   -31.20   85.74219     -2.70    85.74219     -1.70
  85.93750    -9.90   85.93750   -31.10   85.93750     -3.50    85.93750     -2.40
  86.13281   -19.80   86.13281   -32.60   86.13281     -3.40    86.13281     -3.10
  86.32812   -26.10   86.32812   -33.90   86.32812     -2.50    86.32812     -3.20
  86.52344   -34.40   86.52344   -34.10   86.52344     -2.50    86.52344     -3.10
  86.71875   -36.90   86.71875   -34.20   86.71875     -2.50    86.71875     -1.30
  86.91406   -36.70   86.91406   -33.60   86.91406     -1.90    86.91406     -2.00
  87.10938   -32.10   87.10938   -34.00   87.10938     -2.40    87.10938     -2.90
  87.30469   -21.10   87.30469   -34.90   87.30469     -2.30    87.30469     -2.10
  87.50000   -16.00   87.50000   -35.20   87.50000     -2.80    87.50000     -3.30
  87.69531   -12.50   87.69531   -37.20   87.69531     -3.10    87.69531     -2.70
  87.89062   -14.30   87.89062   -36.60   87.89062     -2.80    87.89062     -2.30
  88.08594   -21.50   88.08594   -37.30   88.08594     -3.10    88.08594     -1.90
  88.28125   -24.60   88.28125   -36.70   88.28125     -3.40    88.28125     -2.80
  88.47656   -28.70   88.47656   -36.00   88.47656     -3.00    88.47656     -3.10
  88.67188   -32.00   88.67188   -36.20   88.67188     -2.30    88.67188     -2.90
  88.86719   -33.10   88.86719   -36.60   88.86719     -2.70    88.86719     -3.00
  89.06250   -33.20   89.06250   -37.10   89.06250     -2.30    89.06250     -2.60
  89.25781   -32.80   89.25781   -39.00   89.25781     -2.50    89.25781     -2.90
  89.45312   -33.50   89.45312   -39.30   89.45312     -2.30    89.45312     -3.60
  89.64844   -33.50   89.64844   -39.30   89.64844     -3.30    89.64844     -3.20
  89.84375   -33.90   89.84375   -39.60   89.84375     -1.40    89.84375     -1.40
  90.03906   -35.70   90.03906   -40.30   90.03906     -2.20    90.03906     -2.40
  90.23438   -36.00   90.23438   -41.30   90.23438     -3.20    90.23438     -2.30
  90.42969   -37.00   90.42969   -41.30   90.42969     -2.90    90.42969     -1.90
  90.62500   -36.90   90.62500   -41.30   90.62500     -2.90    90.62500      6.50
  90.82031   -35.90   90.82031   -41.00   90.82031     -3.30    90.82031     -2.90
  91.01562   -36.50   91.01562   -41.40   91.01562     -3.30    91.01562     -3.30
  91.21094   -37.00   91.21094   -42.00   91.21094     -3.20    91.21094     -3.80
  91.40625   -37.70   91.40625   -41.80   91.40625     -3.20    91.40625     -3.00
  91.60156   -38.00   91.60156   -42.20   91.60156     -2.60    91.60156     -2.20
  91.79688   -38.70   91.79688   -42.10   91.79688     -2.90    91.79688     -2.30
  91.99219   -37.90   91.99219   -43.40   91.99219     -2.80    91.99219     -2.50
  92.18750   -37.60   92.18750   -42.50   92.18750     -3.10    92.18750     -2.50
  92.38281   -37.20   92.38281   -42.70   92.38281     -2.60    92.38281     -2.30
  92.57812   -37.10   92.57812   -42.70   92.57812     -2.70    92.57812     -2.60
  92.77344   -38.50   92.77344   -42.20   92.77344     -2.20    92.77344     -1.80
  92.96875   -39.80   92.96875   -42.70   92.96875     -3.10    92.96875     -2.10
  93.16406   -40.30   93.16406   -43.00   93.16406     -3.10    93.16406     -2.10
  93.35938   -40.80   93.35938   -43.00   93.35938     -2.70    93.35938     -2.60
  93.55469   -40.10   93.55469   -42.50   93.55469     -2.50    93.55469     -2.10
  93.75000   -40.60   93.75000   -41.70   93.75000     -2.80    93.75000     -1.80
  93.94531   -41.60   93.94531   -30.80   93.94531     -2.40    93.94531     -2.10
  94.14062   -41.90   94.14062   -18.00   94.14062     -2.40    94.14062     -2.30
  94.33594   -42.80   94.33594     1.90   94.33594     -2.00    94.33594     -1.90
  94.53125   -43.20   94.53125    18.70   94.53125     -1.90    94.53125     -1.90
  94.72656   -43.40   94.72656    44.00   94.72656     -2.50    94.72656     -3.10
  94.92188   -43.40   94.92188    55.10   94.92188     -2.50    94.92188     -2.80
  95.11719   -43.60   95.11719    67.50   95.11719     -2.90    95.11719     -2.50
  95.31250   -42.90   95.31250    70.40   95.31250     -2.90    95.31250     -3.20
  95.50781   -42.50   95.50781    66.80   95.50781     -2.60    95.50781     -2.00
  95.70312   -43.50   95.70312    55.70   95.70312     -2.40    95.70312     -2.50
  95.89844   -43.50   95.89844    38.10   95.89844     -2.90    95.89844     -2.90
  96.09375   -44.30   96.09375    31.10   96.09375     -2.50    96.09375     -2.00
  96.28906   -44.30   96.28906    23.90   96.28906     -3.20    96.28906     -1.90
  96.48438   -44.40   96.48438    22.30   96.48438     -2.60    96.48438     -2.20
  96.67969   -43.50   96.67969    22.40   96.67969     -2.90    96.67969     -2.90
  96.87500   -43.90   96.87500    22.10   96.87500     -2.50    96.87500     -2.30
  97.07031   -43.60   97.07031    21.00   97.07031     -3.10    97.07031     -3.40
  97.26562   -43.80   97.26562    20.60   97.26562     -2.70    97.26562     -3.60
  97.46094   -41.10   97.46094    20.20   97.46094     -3.00    97.46094     -2.90
  97.65625   -35.50   97.65625    20.10   97.65625     -2.20    97.65625     -2.90
  97.85156   -18.50   97.85156    20.60   97.85156     -2.70    97.85156     -2.60
  98.04688    -2.80   98.04688    21.10   98.04688     -3.50    98.04688     -2.30
  98.24219    22.90   98.24219    21.30   98.24219     -2.60    98.24219     -2.40
  98.43750    39.10   98.43750    21.20   98.43750     -2.80    98.43750     -0.90
  98.63281    61.10   98.63281    19.80   98.63281     -3.00    98.63281     -2.60
  98.82812    67.80   98.82812    19.30   98.82812     -2.80    98.82812     -2.30
  99.02344    75.30   99.02344    17.60   99.02344     -3.20    99.02344     -2.50
  99.21875    72.10   99.21875    16.20   99.21875     -3.10    99.21875     -2.40
  99.41406    56.50   99.41406    14.50   99.41406     -4.00    99.41406     -4.20
  99.60938    46.40   99.60938    14.10   99.60938     -2.50    99.60938     -3.40
  99.80469    33.00   99.80469    13.70   99.80469     -3.30    99.80469     -2.70
 100.00000    26.90  100.00000    12.20  100.00000     -3.50   100.00000     -2.90
 100.19531    22.70  100.19531    10.90  100.19531     -3.20   100.19531     -2.00
 100.39062    22.60  100.39062    11.20  100.39062     -2.40   100.39062     -2.30
 100.58594    23.60  100.58594    14.50  100.58594     -1.80   100.58594     -2.10
 100.78125    23.00  100.78125    16.30  100.78125     -2.40   100.78125     -2.00
 100.97656    22.90  100.97656    22.40  100.97656     -2.70   100.97656     -1.50
 101.17188    22.60  101.17188    27.20  101.17188     -2.90   101.17188     -2.20
 101.36719    22.30  101.36719    33.10  101.36719     -3.00   101.36719     -2.90
 101.56250    21.90  101.56250    35.30  101.56250     -2.60   101.56250     -2.00
 101.75781    22.20  101.75781    37.40  101.75781     -2.80   101.75781     -2.00
 101.95312    22.10  101.95312    36.10  101.95312     -2.70   101.95312     -3.90
 102.14844    22.20  102.14844    34.50  102.14844     -3.10   102.14844     -3.10
 102.34375    22.80  102.34375    33.80  102.34375     -2.70   102.34375     -1.80
 102.53906    22.10  102.53906    32.00  102.53906     -2.60   102.53906     -2.00
 102.73438    20.80  102.73438    30.60  102.73438     -2.50   102.73438     -2.20
 102.92969    20.00  102.92969    28.40  102.92969     -2.20   102.92969     -2.70
 103.12500    18.20  103.12500    27.90  103.12500     -2.30   103.12500     -2.80
 103.32031    17.40  103.32031    27.30  103.32031     -2.80   103.32031     -2.00
 103.51562    16.00  103.51562    24.60  103.51562     -3.00   103.51562     -3.00
 103.71094    13.80  103.71094    22.40  103.71094     -2.70   103.71094     -2.50
 103.90625    12.80  103.90625    21.80  103.90625     -2.80   103.90625     -3.10
 104.10156    10.70  104.10156    19.60  104.10156     -2.60   104.10156     -2.40
 104.29688    10.50  104.29688    19.30  104.29688     -2.40   104.29688     -1.40
 104.49219    12.80  104.49219    18.90  104.49219     -2.20   104.49219     -2.00
 104.68750    15.30  104.68750    18.70  104.68750     -3.20   104.68750     -2.20
 104.88281    22.50  104.88281    20.50  104.88281     -2.50   104.88281     -2.20
 105.07812    27.00  105.07812    21.70  105.07812     -3.00   105.07812     -2.40
 105.27344    34.60  105.27344    26.20  105.27344     -3.00   105.27344     -2.80
 105.46875    37.40  105.46875    27.90  105.46875     -3.70   105.46875     -2.70
 105.66406    39.90  105.66406    31.00  105.66406     -3.50   105.66406     -3.20
 105.85938    39.80  105.85938    33.20  105.85938     -3.10   105.85938     -3.30
 106.05469    38.90  106.05469    36.10  106.05469     -2.60   106.05469     -3.10
 106.25000    36.60  106.25000    36.10  106.25000     -2.00   106.25000     -3.30
 106.44531    33.20  106.44531    31.00  106.44531     -2.20   106.44531     -2.20
 106.64062    31.20  106.64062    23.10  106.64062     -2.30   106.64062     -3.30
 106.83594    28.50  106.83594     4.70  106.83594     -3.00   106.83594     -2.50
 107.03125    28.30  107.03125    -3.70  107.03125     -2.60   107.03125     -2.70
 107.22656    25.70  107.22656   -10.70  107.22656     -2.80   107.22656     -2.20
 107.42188    25.40  107.42188   -13.80  107.42188     -2.70   107.42188     -2.60
 107.61719    24.00  107.61719   -23.30  107.61719     -3.00   107.61719     -2.50
 107.81250    23.30  107.81250   -28.10  107.81250     -3.00   107.81250     -2.60
 108.00781    20.90  108.00781   -33.50  108.00781     -2.90   108.00781     -2.30
 108.20312    20.50  108.20312   -33.80  108.20312     -2.10   108.20312     -1.80
 108.39844    19.10  108.39844   -26.70  108.39844     -2.50   108.39844     -2.30
 108.59375    18.50  108.59375   -19.90  108.59375     -2.80   108.59375     -2.20
 108.78906    19.50  108.78906   -11.50  108.78906     -2.60   108.78906     -3.40
 108.98438    19.50  108.98438   -11.00  108.98438     -1.80   108.98438     -2.50
 109.17969    22.90  109.17969   -17.20  109.17969     -2.10   109.17969     -3.40
 109.37500    24.80  109.37500   -21.00  109.37500     -2.80   109.37500     -3.30
 109.57031    29.80  109.57031   -29.70  109.57031     -2.30   109.57031     -2.90
 109.76562    32.40  109.76562   -31.80  109.76562     -2.80   109.76562     -2.20
 109.96094    34.30  109.96094   -33.80  109.96094     -2.20   109.96094     -1.70
 110.15625    32.10  110.15625   -32.30  110.15625     -2.30   110.15625     -2.10
 110.35156    22.00  110.35156   -32.30  110.35156     -3.50   110.35156     -2.20
 110.54688    12.00  110.54688   -31.60  110.54688     -2.90   110.54688     -1.20
 110.74219    -4.20  110.74219   -31.40  110.74219     -3.30   110.74219     -2.20
 110.93750    -9.90  110.93750   -32.00  110.93750     -3.50   110.93750     -2.30
 111.13281   -20.00  111.13281   -32.10  111.13281     -2.80   111.13281     -2.60
 111.32812   -25.50  111.32812   -32.60  111.32812     -3.40   111.32812     -3.40
 111.52344   -35.80  111.52344   -33.50  111.52344     -2.70   111.52344     -3.40
 111.71875   -38.40  111.71875   -33.90  111.71875     -2.40   111.71875     -2.10
 111.91406   -37.20  111.91406   -33.90  111.91406     -2.80   111.91406     -1.40
 112.10938   -31.10  112.10938   -34.40  112.10938     -1.90   112.10938     -1.90
 112.30469   -21.60  112.30469   -34.40  112.30469     -2.30   112.30469     -1.70
 112.50000   -14.90  112.50000   -35.90  112.50000     -2.10   112.50000     -2.30
 112.69531   -13.50  112.69531   -36.70  112.69531     -3.50   112.69531     -1.90
 112.89062   -15.60  112.89062   -36.60  112.89062     -2.90   112.89062     -2.80
 113.08594   -22.40  113.08594   -36.20  113.08594     -3.10   113.08594     -2.90
 113.28125   -26.00  113.28125   -35.40  113.28125     -2.90   113.28125     -3.40
 113.47656   -30.50  113.47656   -36.00  113.47656     -3.30   113.47656     -3.30
 113.67188   -31.80  113.67188   -36.00  113.67188     -2.70   113.67188     -3.50
 113.86719   -33.00  113.86719   -36.30  113.86719     -2.30   113.86719     -3.50
 114.06250   -33.90  114.06250   -37.50  114.06250     -2.50   114.06250     -2.50
 114.25781   -33.80  114.25781   -38.00  114.25781     -3.80   114.25781     -2.60
 114.45312   -34.10  114.45312   -39.20  114.45312     -3.70   114.45312     -1.60
 114.64844   -34.40  114.64844   -39.40  114.64844     -3.30   114.64844     -2.20
 114.84375   -34.80  114.84375   -39.20  114.84375     -2.90   114.84375     -1.50
 115.03906   -35.80  115.03906   -39.70  115.03906     -2.90   115.03906     -3.20
 115.23438   -35.90  115.23438   -40.20  115.23438     -3.00   115.23438     -2.70
 115.42969   -37.00  115.42969   -41.00  115.42969     -2.70   115.42969     -2.90
 115.62500   -37.20  115.62500   -41.00  115.62500     -2.30   115.62500     -2.70
 115.82031   -36.10  115.82031   -41.40  115.82031     -2.20   115.82031     -2.60
 116.01562   -36.50  116.01562   -41.50  116.01562     -2.80   116.01562     -3.40
 116.21094   -37.30  116.21094   -40.80  116.21094     -2.30   116.21094     -3.10
 116.40625   -37.70  116.40625   -41.70  116.40625     -2.50   116.40625     -3.00
 116.60156   -38.20  116.60156   -41.60  116.60156     -1.60   116.60156     -3.00
 116.79688   -38.70  116.79688   -42.50  116.79688     -2.50   116.79688     -2.40
 116.99219   -37.90  116.99219   -41.60  116.99219     -3.20   116.99219     -2.60
 117.18750   -37.40  117.18750   -42.30  117.18750     -3.60   117.18750     -2.40
 117.38281   -37.00  117.38281   -43.20  117.38281     -3.10   117.38281     -2.40
 117.57812   -37.30  117.57812   -42.10  117.57812     -3.20   117.57812     -3.20
 117.77344   -38.30  117.77344   -42.70  117.77344     -3.10   117.77344     -2.50
 117.96875   -40.00  117.96875   -43.10  117.96875     -2.50   117.96875     -2.80
 118.16406   -41.20  118.16406   -43.40  118.16406     -2.20   118.16406     -2.30
 118.35938   -41.20  118.35938   -42.90  118.35938     -2.80   118.35938     -2.60
 118.55469   -41.00  118.55469   -43.60  118.55469     -2.20   118.55469     -2.70
 118.75000   -41.00  118.75000   -42.60  118.75000     -2.20   118.75000     -2.60
 118.94531   -41.20  118.94531   -33.90  118.94531     -2.60   118.94531     -2.80
 119.14062   -41.20  119.14062   -22.80  119.14062     -2.10   119.14062     -2.10
 119.33594   -42.60  119.33594     2.90  119.33594     -2.80   119.33594     -1.40
 119.53125   -42.80  119.53125    18.90  119.53125     -2.80   119.53125     -2.70
 119.72656   -43.60  119.72656    42.50  119.72656     -2.60   119.72656     -2.40
 119.92188   -43.50  119.92188    56.10  119.92188     -2.80   119.92188     -2.70
 120.11719   -43.30  120.11719    66.00  120.11719     -3.80   120.11719     -2.00
 120.31250   -43.30  120.31250    70.20  120.31250     -4.10   120.31250     -2.70
 120.50781   -43.60  120.50781    66.70  120.50781     -3.40   120.50781     -2.50
 120.70312   -43.40  120.70312    55.30  120.70312     -2.80   120.70312     -2.70
 120.89844   -44.20  120.89844    38.40  120.89844     -2.90   120.89844     -2.80
 121.09375   -43.80  121.09375    30.10  121.09375     -2.30   121.09375     -1.80
 121.28906   -44.10  121.28906    23.50  121.28906     -3.20   121.28906     -2.70
 121.48438   -43.90  121.48438    22.00  121.48438     -2.70   121.48438     -3.10
 121.67969   -43.80  121.67969    22.70  121.67969     -3.00   121.67969     -2.50
 121.87500   -43.80  121.87500    23.10  121.87500     -3.00   121.87500     -2.10
 122.07031   -44.30  122.07031    20.80  122.07031     -2.70   122.07031     -2.50
 122.26562   -44.80  122.26562    19.90  122.26562     -2.80   122.26562     -3.00
 122.46094   -42.30  122.46094    20.00  122.46094     -3.10   122.46094     -2.70
 122.65625   -36.80  122.65625    20.40  122.65625     -2.20   122.65625     -3.20
 122.85156   -21.20  122.85156    20.40  122.85156     -1.30   122.85156     -2.40
 123.04688    -4.10  123.04688    19.60  123.04688     -2.80   123.04688     -1.70
 123.24219    25.40  123.24219    19.60  123.24219     -2.50   123.24219     -2.10
 123.43750    39.70  123.43750    20.70  123.43750     -2.60   123.43750     -2.20
 123.63281    59.40  123.63281    20.70  123.63281     -1.90   123.63281     -1.90
 123.82812    68.00  123.82812    19.20  123.82812     -2.70   123.82812     -2.50
 124.02344    75.10  124.02344    17.70  124.02344     -2.70   124.02344     -2.00
 124.21875    72.30  124.21875    17.40  124.21875     -3.00   124.21875     -2.60
 124.41406    58.90  124.41406    15.70  124.41406     -2.40   124.41406     -2.90
 124.60938    45.70  124.60938    15.20  124.60938     -2.70   124.60938     -3.00
 124.80469    29.80  124.80469    13.40  124.80469     -2.80   124.80469     -3.00
 125.00000    25.70  125.00000    11.60  125.00000     -2.80   125.00000     -2.60
 125.19531    23.10  125.19531    11.20  125.19531     -2.70   125.19531     -2.00
 125.39062    23.30  125.39062    12.50  125.39062     -2.50   125.39062     -3.40
 125.58594    23.10  125.58594    14.50  125.58594     -1.80   125.58594     -2.30
 125.78125    23.80  125.78125    17.10  125.78125     -2.40   125.78125     -2.50
 125.97656    22.80  125.97656    24.00  125.97656     -3.00   125.97656     -1.70
 126.17188    22.60  126.17188    28.80  126.17188     -3.00   126.17188     -1.90
 126.36719    21.10  126.36719    33.20  126.36719     -2.80   126.36719     -3.10
 126.56250    21.90  126.56250    35.50  126.56250     -2.10   126.56250     -2.50
 126.75781    22.10  126.75781    36.60  126.75781     -2.40   126.75781     -2.00
 126.95312    21.60  126.95312    36.10  126.95312     -2.90   126.95312     -2.50
 127.14844    23.00  127.14844    34.10  127.14844     -2.50   127.14844     -2.60
 127.34375    22.50  127.34375    33.40  127.34375     -2.50   127.34375     -3.20
 127.53906    21.70  127.53906    31.90  127.53906     -2.30   127.53906     -2.10
 127.73438    20.80  127.73438    30.20  127.73438     -2.60   127.73438     -2.50
 127.92969    19.50  127.92969    27.90  127.92969     -2.80   127.92969     -1.90
 128.12500    18.10  128.12500    27.10  128.12500     -3.20   128.12500     -2.10
 128.32031    17.00  128.32031    25.00  128.32031     -3.10   128.32031     -2.40
 128.51562    16.20  128.51562    24.50  128.51562     -2.30   128.51562     -2.50
 128.71094    14.40  128.71094    22.40  128.71094     -2.50   128.71094     -1.60
 128.90625    13.00  128.90625    21.10  128.90625     -3.10   128.90625     -1.60
 129.10156    11.70  129.10156    19.50  129.10156     -3.20   129.10156     -2.50
 129.29688    10.90  129.29688    19.20  129.29688     -3.40   129.29688     -2.10
 129.49219    12.00  129.49219    19.50  129.49219     -2.90   129.49219     -2.90
 129.68750    15.50  129.68750    19.40  129.68750     -3.00   129.68750     -2.40
 129.88281    22.40  129.88281    20.50  129.88281     -1.80   129.88281     -3.10
 130.07812    26.80  130.07812    21.30  130.07812     -3.00   130.07812     -2.80
 130.27344    34.10  130.27344    24.60  130.27344     -2.80   130.27344     -3.10
 130.46875    37.20  130.46875    27.00  130.46875     -2.30   130.46875     -1.70
 130.66406    39.80  130.66406    30.80  130.66406     -2.60   130.66406     -1.90
 130.85938    40.00  130.85938    32.80  130.85938     -3.00   130.85938     -3.10
 131.05469    38.00  131.05469    35.70  131.05469     -2.60   131.05469     -2.40
 131.25000    36.20  131.25000    37.40  131.25000     -3.40   131.25000     -2.80
 131.44531    33.90  131.44531    32.80  131.44531     -3.50   131.44531     -2.70
 131.64062    32.00  131.64062    25.60  131.64062     -2.90   131.64062     -2.30
 131.83594    28.70  131.83594     5.20  131.83594     -2.90   131.83594     -2.60
 132.03125    28.50  132.03125    -1.60  132.03125     -3.60   132.03125     -2.60
 132.22656    26.60  132.22656   -11.30  132.22656     -2.40   132.22656     -2.40
 132.42188    25.60  132.42188   -15.20  132.42188     -1.80   132.42188     -2.40
 132.61719    23.60  132.61719   -22.30  132.61719     -3.00   132.61719     -1.70
 132.81250    23.20  132.81250   -27.80  132.81250     -3.10   132.81250     -2.00
 133.00781    20.90  133.00781   -35.10  133.00781     -3.40   133.00781     -2.70
 133.20312    20.10  133.20312   -32.40  133.20312     -3.20   133.20312     -2.10
 133.39844    19.20  133.39844   -25.70  133.39844     -2.40   133.39844     -2.80
 133.59375    18.80  133.59375   -19.30  133.59375     -2.50   133.59375     -2.90
 133.78906    19.00  133.78906   -11.00  133.78906     -2.10   133.78906     -2.70
 133.98438    19.70  133.98438   -11.60  133.98438     -2.20   133.98438     -3.20
 134.17969    21.20  134.17969   -17.40  134.17969     -2.00   134.17969     -2.80
 134.37500    24.50  134.37500   -22.00  134.37500     -2.90   134.37500     -3.00
 134.57031    28.90  134.57031   -29.50  134.57031     -2.60   134.57031     -2.30
 134.76562    31.10  134.76562   -32.20  134.76562     -2.50   134.76562     -1.50
 134.96094    33.90  134.96094   -31.60  134.96094     -2.40   134.96094     -1.60
 135.15625    32.60  135.15625   -32.20  135.15625     -2.40   135.15625     -1.70
 135.35156    20.80  135.35156   -32.00  135.35156     -2.40   135.35156     -2.00
 135.54688     9.30  135.54688   -31.40  135.54688     -2.10   135.54688     -2.50
 135.74219    -4.30  135.74219   -31.30  135.74219     -2.30   135.74219     -3.00
 135.93750    -9.20  135.93750   -31.70  135.93750     -2.00   135.93750     -2.70
 136.13281   -18.70  136.13281   -32.20  136.13281     -2.70   136.13281     -2.50
 136.32812   -23.70  136.32812   -32.60  136.32812     -1.80   136.32812     -3.50
 136.52344   -34.10  136.52344   -33.00  136.52344     -2.70   136.52344     -2.10
 136.71875   -36.60  136.71875   -33.40  136.71875     -2.50   136.71875     -3.00
 136.91406   -36.10  136.91406   -33.40  136.91406     -3.00   136.91406     -2.00
 137.10938   -31.60  137.10938   -33.60  137.10938     -2.40   137.10938     -1.90
 137.30469    -6.50  137.30469   -21.40  137.30469     10.70   137.30469     10.10
 137.50000    -3.10  137.50000   -21.70  137.50000     10.20   137.50000     10.30
 137.69531     0.50  137.69531   -24.00  137.69531     10.20   137.69531     10.10
 137.89062    -1.20  137.89062   -24.20  137.89062     10.70   137.89062     10.40
 138.08594   -21.00  138.08594   -37.20  138.08594     -2.80   138.08594     -2.50
 138.28125   -23.90  138.28125   -36.90  138.28125     -2.10   138.28125     -3.00
 138.47656   -30.10  138.47656   -35.60  138.47656     -2.50   138.47656     -2.80
 138.67188   -30.20  138.67188   -35.50  138.67188     -1.80   138.67188     -3.50
 138.86719   -32.50  138.86719   -36.40  138.86719     -2.20   138.86719     -3.20
 139.06250   -33.30  139.06250   -37.00  139.06250     -3.00   139.06250     -2.50
 139.25781   -33.30  139.25781   -38.70  139.25781     -3.00   139.25781     -2.60
 139.45312   -33.80  139.45312   -39.00  139.45312     -3.60   139.45312     -2.40
 139.64844   -33.80  139.64844   -39.80  139.64844     -2.30   139.64844     -2.50
 139.84375   -34.10  139.84375   -39.50  139.84375     -3.00   139.84375     -1.40
 140.03906   -36.10  140.03906   -39.60  140.03906     -2.40   140.03906     -1.50
 140.23438   -36.30  140.23438   -39.70  140.23438     -3.00   140.23438     -2.10
 140.42969   -36.20  140.42969   -40.70  140.42969     -1.90   140.42969     -1.80
 140.62500   -37.20  140.62500   -40.70  140.62500     -2.70   140.62500     -2.90
 140.82031   -35.90  140.82031   -41.00  140.82031     -2.00   140.82031     -2.70
 141.01562   -35.70  141.01562   -41.00  141.01562     -2.60   141.01562     -3.50
 141.21094   -36.70  141.21094   -41.10  141.21094     -2.20   141.21094     -1.90
 141.40625   -37.00  141.40625   -41.50  141.40625     -2.00   141.40625     -2.40
 141.60156   -38.50  141.60156   -41.80  141.60156     -2.80   141.60156     -1.10
 141.79688   -38.10  141.79688   -42.10  141.79688     -2.30   141.79688     -2.10
 141.99219   -38.00  141.99219   -41.90  141.99219     -2.30   141.99219     -2.10
 142.18750   -37.20  142.18750   -42.00  142.18750     -3.00   142.18750     -1.90
 142.38281   -36.80  142.38281   -42.60  142.38281     -2.80   142.38281     -2.00
 142.57812   -37.00  142.57812   -42.00  142.57812     -2.80   142.57812     -1.90
 142.77344   -38.50  142.77344   -41.90  142.77344     -2.70   142.77344     -3.10
 142.96875   -39.30  142.96875   -42.60  142.96875     -2.50   142.96875     -3.20
 143.16406   -40.50  143.16406   -42.20  143.16406     -3.00   143.16406     -2.20
 143.35938   -41.20  143.35938   -42.90  143.35938     -2.40   143.35938     -2.30
 143.55469   -41.70  143.55469   -43.70  143.55469     -2.20   143.55469     -2.20
 143.75000   -41.60  143.75000   -43.10  143.75000     -2.20   143.75000     -2.00
 143.94531   -41.40  143.94531   -35.60  143.94531     -2.10   143.94531     -2.30
 144.14062   -40.60  144.14062   -28.90  144.14062     -2.80   144.14062     -2.00
 144.33594   -41.90  144.33594    -2.60  144.33594     -3.20   144.33594     -2.00
 144.53125   -42.20  144.53125    12.80  144.53125     -3.30   144.53125     -2.90
 144.72656   -43.20  144.72656    38.20  144.72656     -3.30   144.72656     -1.90
 144.92188   -42.90  144.92188    49.40  144.92188     -3.40   144.92188     -2.00
 145.11719   -43.20  145.11719    63.80  145.11719     -3.20   145.11719     -2.10
 145.31250   -43.00  145.31250    68.90  145.31250     -3.20   145.31250     -2.40
 145.50781   -44.00  145.50781    67.50  145.50781     -2.80   145.50781     -2.70
 145.70312   -43.70  145.70312    62.10  145.70312     -2.30   145.70312     -2.50
 145.89844   -43.80  145.89844    44.50  145.89844     -2.90   145.89844     -3.30
 146.09375   -43.70  146.09375    35.40  146.09375     -2.60   146.09375     -3.20
 146.28906   -44.40  146.28906    24.60  146.28906     -2.10   146.28906     -2.50
 146.48438   -44.70  146.48438    23.20  146.48438     -1.70   146.48438     -2.60
 146.67969   -44.80  146.67969    22.30  146.67969     -2.60   146.67969     -2.90
 146.87500   -44.20  146.87500    23.00  146.87500     -2.40   146.87500     -2.20
 147.07031   -44.20  147.07031    22.10  147.07031     -3.30   147.07031     -2.70
 147.26562   -44.30  147.26562    21.70  147.26562     -2.80   147.26562     -2.50
 147.46094   -43.60  147.46094    20.60  147.46094     -3.70   147.46094     -2.80
 147.65625   -41.10  147.65625    19.80  147.65625     -2.40   147.65625     -2.90
 147.85156   -25.90  147.85156    19.50  147.85156     -2.70   147.85156     -3.40
 148.04688   -14.30  148.04688    19.40  148.04688     -3.50   148.04688     -2.30
 148.24219    13.00  148.24219    20.20  148.24219     -0.30   148.24219     -1.90
 148.43750    34.00  148.43750    19.90  148.43750     -2.40   148.43750     -3.10
 148.63281    57.80  148.63281    19.90  148.63281     -2.20   148.63281     -2.30
 148.82812    64.10  148.82812    19.60  148.82812     -3.10   148.82812     -2.60
 149.02344    74.60  149.02344    18.20  149.02344     -2.60   149.02344     -2.10
 149.21875    73.80  149.21875    17.40  149.21875     -2.70   149.21875     -2.10
 149.41406    63.40  149.41406    16.40  149.41406     -3.20   149.41406     -1.40
 149.60938    53.00  149.60938    15.40  149.60938     -2.80   149.60938     -2.30
 149.80469    36.20  149.80469    14.30  149.80469     -0.60   149.80469     -2.50
 150.00000    28.40  150.00000    13.20  150.00000     -3.50   150.00000     -1.80
 150.19531    22.80  150.19531    12.10  150.19531     -3.40   150.19531     -2.40
 150.39062    22.90  150.39062    11.50  150.39062     -2.50   150.39062     -2.00
 150.58594    22.50  150.58594    12.80  150.58594     -1.90   150.58594     -1.40
 150.78125    22.60  150.78125    14.80  150.78125     -3.00   150.78125     -2.80
 150.97656    22.90  150.97656    20.70  150.97656     -2.00   150.97656     -2.70
 151.17188    23.00  151.17188    24.20  151.17188     -3.00   151.17188     -2.70
 151.36719    22.40  151.36719    30.60  151.36719     -2.90   151.36719     -3.30
 151.56250    22.30  151.56250    34.20  151.56250     -2.70   151.56250     -3.10
 151.75781    22.00  151.75781    37.10  151.75781     -3.70   151.75781     -3.20
 151.95312    22.00  151.95312    37.60  151.95312     -2.40   151.95312     -3.40
 152.14844    21.90  152.14844    35.20  152.14844     -2.80   152.14844     -2.70
 152.34375    21.80  152.34375    33.90  152.34375     -2.80   152.34375     -2.40
 152.53906    20.60  152.53906    32.40  152.53906     -2.00   152.53906     -2.40
 152.73438    21.20  152.73438    31.00  152.73438     -2.50   152.73438     -2.30
 152.92969    19.60  152.92969    28.90  152.92969     -2.60   152.92969     -2.70
 153.12500    18.80  153.12500    27.60  153.12500     -2.30   153.12500     -1.70
 153.32031    17.80  153.32031    25.10  153.32031     -2.20   153.32031     -3.00
 153.51562    16.70  153.51562    24.30  153.51562     -2.60   153.51562     -3.10
 153.71094    14.70  153.71094    22.70  153.71094     -2.30   153.71094     -3.20
 153.90625    13.60  153.90625    22.50  153.90625     -2.70   153.90625     -2.90
 154.10156    11.60  154.10156    20.60  154.10156     -3.00   154.10156     -2.60
 154.29688     9.90  154.29688    18.90  154.29688     -3.00   154.29688     -1.60
 154.49219    11.60  154.49219    19.20  154.49219     -3.00   154.49219     -1.60
 154.68750    13.00  154.68750    19.10  154.68750     -2.60   154.68750     -2.00
 154.88281    19.50  154.88281    20.00  154.88281     -3.00   154.88281     -2.60
 155.07812    23.00  155.07812    20.50  155.07812     -3.10   155.07812     -2.40
 155.27344    30.60  155.27344    23.90  155.27344     -2.30   155.27344     -2.70
 155.46875    34.70  155.46875    25.20  155.46875     -2.70   155.46875     -3.40
 155.66406    38.90  155.66406    29.20  155.66406     -3.30   155.66406     -2.60
 155.85938    39.10  155.85938    30.40  155.85938     -3.20   155.85938     -3.30
 156.05469    38.90  156.05469    37.80  156.05469     -2.20   156.05469     -3.20
 156.25000    37.20  156.25000    35.80  156.25000     -3.20   156.25000     -2.30
 156.44531    33.50  156.44531    33.20  156.44531     -3.30   156.44531     -2.70
 156.64062    32.50  156.64062    30.60  156.64062     -3.10   156.64062     -3.10
 156.83594    29.70  156.83594    15.00  156.83594     -3.20   156.83594     -2.10
 157.03125    29.00  157.03125     5.40  157.03125     -3.70   157.03125     -3.40
 157.22656    26.60  157.22656    -7.70  157.22656     -3.10   157.22656     -3.40
 157.42188    26.30  157.42188   -11.40  157.42188     -2.40   157.42188     -3.10
 157.61719    24.20  157.61719   -18.50  157.61719     -2.60   157.61719     -2.70
 157.81250    23.10  157.81250   -25.00  157.81250     -2.30   157.81250     -3.00
 158.00781    21.50  158.00781   -32.40  158.00781     -2.90   158.00781     -2.70
 158.20312    20.90  158.20312   -34.20  158.20312     -3.30   158.20312     -3.00
 158.39844    19.30  158.39844   -30.80  158.39844     -3.20   158.39844     -1.90
 158.59375    18.40  158.59375   -25.90  158.59375     -3.30   158.59375     -2.50
 158.78906    18.00  158.78906   -14.60  158.78906     -3.00   158.78906     -1.90
 158.98438    18.90  158.98438   -12.80  158.98438     -2.80   158.98438     -2.60
 159.17969    20.10  159.17969   -13.70  159.17969     -2.90   159.17969     -3.30
 159.37500    23.10  159.37500   -19.90  159.37500     -3.30   159.37500     -2.10
 159.57031    27.50  159.57031   -27.70  159.57031     -3.30   159.57031     -2.50
 159.76562    29.70  159.76562   -30.40  159.76562     -1.80   159.76562     -2.10
 159.96094    33.60  159.96094   -32.90  159.96094     -3.10   159.96094     -2.80
 160.15625    34.20  160.15625   -32.60  160.15625     -2.40   160.15625     -3.30
 160.35156    26.80  160.35156   -32.40  160.35156     -2.00   160.35156     -2.60
 160.54688    20.60  160.54688   -32.50  160.54688     -2.90   160.54688     -2.50
 160.74219     4.80  160.74219   -32.30  160.74219     -2.40   160.74219     -1.70
 160.93750    -5.50  160.93750   -32.20  160.93750     -2.80   160.93750     -2.90
 161.13281   -16.60  161.13281   -32.30  161.13281     -2.80   161.13281     -2.90
 161.32812   -21.80  161.32812   -32.50  161.32812     -2.60   161.32812     -2.30
 161.52344   -32.20  161.52344   -34.00  161.52344     -1.90   161.52344     -3.10
 161.71875   -36.80  161.71875   -33.70  161.71875     -3.30   161.71875     -2.40
 161.91406   -37.80  161.91406   -32.80  161.91406     -2.50   161.91406     -3.00
 162.10938   -35.40  162.10938   -33.20  162.10938     -2.70   162.10938     -2.90
 162.30469   -24.60  162.30469   -34.20  162.30469     -2.10   162.30469     -2.80
 162.50000   -18.50  162.50000   -35.20  162.50000     -2.10   162.50000     -3.00
 162.69531   -12.20  162.69531   -36.70  162.69531     -1.70   162.69531     -2.70
 162.89062   -13.60  162.89062   -37.40  162.89062     -1.80   162.89062     -2.60
 163.08594   -19.40  163.08594   -37.10  163.08594     -2.20   163.08594     -2.70
 163.28125   -24.20  163.28125   -36.30  163.28125     -3.00   163.28125     -1.90
 163.47656   -28.90  163.47656   -36.10  163.47656     -3.20   163.47656     -2.10
 163.67188   -30.10  163.67188   -36.10  163.67188     -3.80   163.67188     -2.80
 163.86719   -32.40  163.86719   -36.90  163.86719     -3.40   163.86719     -2.20
 164.06250   -33.00  164.06250   -37.50  164.06250     -3.60   164.06250     -2.90
 164.25781   -33.90  164.25781   -38.60  164.25781     -3.60   164.25781     -3.10
 164.45312   -34.80  164.45312   -38.70  164.45312     -3.20   164.45312     -3.00
 164.64844   -33.60  164.64844   -38.60  164.64844     -3.00   164.64844     -2.80
 164.84375   -34.60  164.84375   -39.30  164.84375     -2.90   164.84375     -2.80
 165.03906   -35.90  165.03906   -39.40  165.03906     -2.80   165.03906     -2.70
 165.23438   -36.10  165.23438   -39.50  165.23438     -3.00   165.23438     -3.30
 165.42969   -36.70  165.42969   -41.50  165.42969     -3.00   165.42969     -2.90
 165.62500   -36.50  165.62500   -41.60  165.62500     -2.90   165.62500     -2.80
 165.82031   -36.10  165.82031   -41.80  165.82031     -2.80   165.82031     -2.70
 166.01562   -35.40  166.01562   -42.10  166.01562     -2.70   166.01562     -2.70
 166.21094   -36.10  166.21094   -41.90  166.21094     -2.20   166.21094     -2.70
 166.40625   -37.60  166.40625   -42.00  166.40625     -3.20   166.40625     -2.60
 166.60156   -38.70  166.60156   -42.40  166.60156     -1.90   166.60156     -2.90
 166.79688   -38.00  166.79688   -41.90  166.79688     -2.40   166.79688     -2.40
 166.99219   -37.40  166.99219   -41.80  166.99219     -2.20   166.99219     -3.20
 167.18750   -37.40  167.18750   -42.20  167.18750     -2.30   167.18750     -2.90
 167.38281   -37.30  167.38281   -42.30  167.38281     -3.30   167.38281     -2.60
 167.57812   -37.10  167.57812   -42.70  167.57812     -3.10   167.57812     -2.30
 167.77344   -38.90  167.77344   -42.40  167.77344     -2.50   167.77344     -2.30
 167.96875   -39.60  167.96875   -42.80  167.96875     -3.00   167.96875     -2.80
 168.16406   -40.80  168.16406   -42.70  168.16406     -2.20   168.16406     -2.90
 168.35938   -41.00  168.35938   -42.60  168.35938     -1.80   168.35938     -2.30
 168.55469   -41.30  168.55469   -43.20  168.55469     -2.80   168.55469     -2.30
 168.75000   -41.20  168.75000   -42.40  168.75000     -3.00   168.75000     -2.50
 168.94531   -42.40  168.94531   -34.10  168.94531     -2.60   168.94531     -2.40
 169.14062   -42.20  169.14062   -28.00  169.14062     -3.10   169.14062     -3.00
 169.33594   -42.40  169.33594    -2.60  169.33594     -3.20   169.33594     -2.40
 169.53125   -42.30  169.53125    15.00  169.53125     -3.00   169.53125     -2.30
 169.72656   -42.80  169.72656    43.90  169.72656     -2.30   169.72656     -2.10
 169.92188   -42.40  169.92188    48.40  169.92188     -2.20   169.92188     -2.00
 170.11719   -43.30  170.11719    66.80  170.11719     -2.80   170.11719     -1.80
 170.31250   -42.90  170.31250    68.60  170.31250     -2.30   170.31250     -1.50
 170.50781   -43.20  170.50781    67.50  170.50781     -2.70   170.50781     -2.70
 170.70312   -43.00  170.70312    62.30  170.70312     -1.90   170.70312     -1.60
 170.89844   -43.60  170.89844    43.80  170.89844     -2.10   170.89844     -2.70
 171.09375   -43.60  171.09375    36.00  171.09375     -2.40   171.09375     -2.40
 171.28906   -43.90  171.28906    24.30  171.28906     -2.90   171.28906     -2.80
 171.48438   -44.10  171.48438    22.10  171.48438     -2.70   171.48438     -2.00
 171.67969   -43.90  171.67969    22.70  171.67969     -2.60   171.67969     -1.80
 171.87500   -43.00  171.87500    22.40  171.87500     -4.00   171.87500     -3.00
 172.07031   -43.80  172.07031    21.00  172.07031     -3.50   172.07031     -2.50
 172.26562   -44.00  172.26562    20.40  172.26562     -2.60   172.26562     -2.40
 172.46094   -43.20  172.46094    20.30  172.46094     -3.40   172.46094     -2.20
 172.65625   -40.30  172.65625    19.80  172.65625     -2.60   172.65625     -2.80
 172.85156   -25.40  172.85156    20.40  172.85156     -2.20   172.85156     -2.90
 173.04688   -12.70  173.04688    20.60  173.04688     -2.90   173.04688     -2.90
 173.24219    16.90  173.24219    20.30  173.24219     -3.10   173.24219     -1.60
 173.43750    32.60  173.43750    20.00  173.43750     -2.50   173.43750     -3.50
 173.63281    56.00  173.63281    19.60  173.63281     -2.50   173.63281     -2.90
 173.82812    62.30  173.82812    18.80  173.82812     -2.60   173.82812     -3.00
 174.02344    73.60  174.02344    18.10  174.02344     -3.20   174.02344     -3.10
 174.21875    74.50  174.21875    18.40  174.21875     -3.00   174.21875     -2.20
 174.41406    65.10  174.41406    17.10  174.41406     -3.00   174.41406     -2.40
 174.60938    55.90  174.60938    16.70  174.60938     -3.50   174.60938     -2.10
 174.80469    35.90  174.80469    14.50  174.80469     -3.50   174.80469     -1.30
 175.00000    29.40  175.00000    13.20  175.00000     -2.20   175.00000     -2.10
 175.19531    22.60  175.19531    11.50  175.19531     -1.20   175.19531     -1.90
 175.39062    22.20  175.39062    11.20  175.39062     -1.80   175.39062     -2.00
 175.58594    22.80  175.58594    12.70  175.58594     -2.50   175.58594     -2.00
 175.78125    23.40  175.78125    15.00  175.78125     -2.10   175.78125     -2.50
 175.97656    24.00  175.97656    22.30  175.97656     -2.90   175.97656     -1.50
 176.17188    23.50  176.17188    24.40  176.17188     -2.50   176.17188     -1.90
 176.36719    22.20  176.36719    32.10  176.36719     -1.70   176.36719     -1.90
 176.56250    21.00  176.56250    36.00  176.56250     -2.60   176.56250     -1.50
 176.75781    21.80  176.75781    37.30  176.75781     -2.40   176.75781     -2.30
 176.95312    22.00  176.95312    36.80  176.95312     -2.60   176.95312     -2.00
 177.14844    22.30  177.14844    35.80  177.14844     -2.70   177.14844     -2.30
 177.34375    22.40  177.34375    34.20  177.34375     -2.40   177.34375     -2.90
 177.53906    21.60  177.53906    32.50  177.53906     -2.50   177.53906     -2.80
 177.73438    20.80  177.73438    31.50  177.73438     -2.70   177.73438     -2.50
 177.92969    19.70  177.92969    28.80  177.92969     -3.00   177.92969     -2.70
 178.12500    18.90  178.12500    27.50  178.12500     -3.50   178.12500     -2.10
 178.32031    17.20  178.32031    26.40  178.32031     -2.90   178.32031     -2.30
 178.51562    16.90  178.51562    25.00  178.51562     -3.00   178.51562     -1.50
 178.71094    14.20  178.71094    23.20  178.71094     -2.40   178.71094     -2.50
 178.90625    12.80  178.90625    22.40  178.90625     -2.50   178.90625     -2.20
 179.10156    11.50  179.10156    21.10  179.10156     -3.00   179.10156     -2.90
 179.29688    10.10  179.29688    19.30  179.29688     -1.60   179.29688     -2.60
 179.49219    11.30  179.49219    18.60  179.49219     -3.20   179.49219     -2.10
 179.68750    12.60  179.68750    19.20  179.68750     -2.80   179.68750     -2.80
 179.88281    19.10  179.88281    19.30  179.88281     -2.90   179.88281     -2.50
 180.07812    23.00  180.07812    20.80  180.07812     -3.40   180.07812     -2.70
 180.27344    31.40  180.27344    23.60  180.27344     -2.40   180.27344     -2.90
 180.46875    35.00  180.46875    25.50  180.46875     -3.00   180.46875     -2.50
 180.66406    39.70  180.66406    29.10  180.66406     -3.10   180.66406     -2.20
 180.85938    39.80  180.85938    31.40  180.85938     -2.30   180.85938     -2.40
 181.05469    39.20  181.05469    34.40  181.05469     -2.90   181.05469     -2.60
 181.25000    37.20  181.25000    36.10  181.25000     -2.70   181.25000     -2.30
 181.44531    35.10  181.44531    35.20  181.44531     -3.20   181.44531     -3.00
 181.64062    33.40  181.64062    31.80  181.64062     -2.00   181.64062     -1.90
 181.83594    29.90  181.83594    15.30  181.83594     -2.70   181.83594     -2.40
 182.03125    28.50  182.03125     5.10  182.03125     -2.40   182.03125     -2.60
 182.22656    27.50  182.22656    -8.70  182.22656     -3.10   182.22656     -2.10
 182.42188    26.50  182.42188   -11.20  182.42188     -2.40   182.42188     -2.20
 182.61719    25.00  182.61719   -18.90  182.61719     -2.70   182.61719     -2.90
 182.81250    23.90  182.81250   -25.20  182.81250     -3.00   182.81250     -2.20
 183.00781    21.60  183.00781   -33.20  183.00781     -2.60   183.00781     -3.10
 183.20312    21.00  183.20312   -33.80  183.20312     -2.30   183.20312     -3.10
 183.39844    19.10  183.39844   -30.70  183.39844     -2.00   183.39844     -2.50
 183.59375    18.80  183.59375   -26.00  183.59375     -1.60   183.59375     -2.50
 183.78906    18.70  183.78906   -15.10  183.78906     -2.20   183.78906     -1.80
 183.98438    19.00  183.98438   -12.50  183.98438     -2.90   183.98438     -1.90
 184.17969    20.20  184.17969   -13.60  184.17969     -2.70   184.17969     -2.80
 184.37500    22.50  184.37500   -17.70  184.37500     -3.80   184.37500     -2.30
 184.57031    26.90  184.57031   -26.80  184.57031     -3.30   184.57031     -2.80
 184.76562    28.70  184.76562   -29.00  184.76562     -3.00   184.76562     -2.60
 184.96094    33.70  184.96094   -33.40  184.96094     -2.90   184.96094     -2.70
 185.15625    34.80  185.15625   -33.00  185.15625     -1.70   185.15625     -2.30
 185.35156    28.80  185.35156   -32.00  185.35156     -2.50   185.35156     -2.30
 185.54688    22.00  185.54688   -31.10  185.54688     -2.80   185.54688     -3.20
 185.74219     5.60  185.74219   -31.90  185.74219     -3.10   185.74219     -3.40
 185.93750    -4.20  185.93750   -31.20  185.93750     -2.60   185.93750     -3.30
 186.13281   -14.70  186.13281   -32.30  186.13281     -3.10   186.13281     -2.60
 186.32812   -19.10  186.32812   -32.40  186.32812     -2.80   186.32812     -2.30
 186.52344   -29.30  186.52344   -34.00  186.52344     -2.20   186.52344     -2.20
 186.71875   -35.10  186.71875   -34.30  186.71875     -2.50   186.71875     -2.20
 186.91406   -37.80  186.91406   -34.60  186.91406     -2.60   186.91406     -1.60
 187.10938   -35.00  187.10938   -34.70  187.10938     -2.10   187.10938     -1.90
 187.30469   -25.80  187.30469   -34.50  187.30469     -2.50   187.30469     -2.00
 187.50000   -19.40  187.50000   -35.00  187.50000     -2.10   187.50000     -3.00
 187.69531   -12.50  187.69531   -36.10  187.69531     -2.60   187.69531     -3.10
 187.89062   -13.20  187.89062   -36.80  187.89062     -2.50   187.89062     -3.30
 188.08594   -18.00  188.08594   -36.90  188.08594     -2.60   188.08594     -2.70
 188.28125   -22.10  188.28125   -36.50  188.28125     -2.20   188.28125     -2.90
 188.47656   -28.40  188.47656   -36.30  188.47656     -2.90   188.47656     -2.40
 188.67188   -30.10  188.67188   -35.90  188.67188     -1.90   188.67188     -2.90
 188.86719   -33.00  188.86719   -35.50  188.86719     -3.20   188.86719     -2.30
 189.06250   -33.30  189.06250   -36.40  189.06250     -3.10   189.06250     -2.00
 189.25781   -32.60  189.25781   -37.90  189.25781     -2.70   189.25781     -1.90
 189.45312   -34.40  189.45312   -38.80  189.45312     -3.10   189.45312     -2.70
 189.64844   -34.30  189.64844   -40.20  189.64844     -2.90   189.64844     -2.30
 189.84375   -34.10  189.84375   -39.50  189.84375     -2.90   189.84375     -2.30
 190.03906   -35.50  190.03906   -39.50  190.03906     -2.80   190.03906     -3.10
 190.23438   -35.80  190.23438   -40.00  190.23438     -2.60   190.23438     -1.40
 190.42969   -36.70  190.42969   -40.60  190.42969     -3.00   190.42969     -2.80
 190.62500   -37.00  190.62500   -41.20  190.62500     -3.00   190.62500     -2.60
 190.82031   -36.30  190.82031   -40.70  190.82031     -2.80   190.82031     -3.30
 191.01562   -35.90  191.01562   -41.20  191.01562     -2.50   191.01562     -2.90
 191.21094   -35.50  191.21094   -40.80  191.21094     -1.90   191.21094     -2.20
 191.40625   -35.90  191.40625   -41.30  191.40625     -2.30   191.40625     -2.50
 191.60156   -37.60  191.60156   -41.60  191.60156     -2.70   191.60156     -3.20
 191.79688   -37.60  191.79688   -41.70  191.79688     -3.20   191.79688     -2.80
 191.99219   -38.20  191.99219   -42.20  191.99219     -2.90   191.99219     -1.80
 192.18750   -37.40  192.18750   -42.20  192.18750     -2.60   192.18750     -2.20
 192.38281   -37.40  192.38281   -42.30  192.38281     -2.70   192.38281     -2.50
 192.57812   -36.50  192.57812   -43.10  192.57812     -2.80   192.57812     -2.10
 192.77344   -38.70  192.77344   -42.90  192.77344     -2.50   192.77344     -2.50
 192.96875   -38.70  192.96875   -42.80  192.96875     -2.10   192.96875     -1.50
 193.16406   -41.10  193.16406   -43.40  193.16406     -2.80   193.16406     -1.40
 193.35938   -41.80  193.35938   -43.50  193.35938     -2.50   193.35938     -2.70
 193.55469   -42.40  193.55469   -44.60  193.55469     -3.00   193.55469     -3.30
 193.75000   -41.90  193.75000   -43.40  193.75000     -2.10   193.75000     -2.10
 193.94531   -42.10  193.94531   -36.30  193.94531     -3.10   193.94531     -3.00
 194.14062   -42.00  194.14062   -29.80  194.14062     -2.50   194.14062     -2.70
 194.33594   -41.80  194.33594    -6.50  194.33594     -2.80   194.33594     -2.10
 194.53125   -41.90  194.53125    11.50  194.53125     -3.00   194.53125     -2.20
 194.72656   -42.30  194.72656    36.20  194.72656     -3.00   194.72656     -3.10
 194.92188   -42.30  194.92188    46.60  194.92188     -2.90   194.92188     -3.10
 195.11719   -42.90  195.11719    62.50  195.11719     -2.40   195.11719     -2.00
 195.31250   -42.40  195.31250    69.10  195.31250     -1.70   195.31250     -2.20
 195.50781   -42.30  195.50781    69.00  195.50781     -1.90   195.50781     -1.50
 195.70312   -42.20  195.70312    64.80  195.70312     -2.10   195.70312     -0.70
 195.89844   -43.30  195.89844    46.90  195.89844     -2.30   195.89844     -1.80
 196.09375   -43.30  196.09375    38.60  196.09375     -2.80   196.09375     -2.60
 196.28906   -44.20  196.28906    24.90  196.28906     -2.60   196.28906     -1.40
 196.48438   -43.80  196.48438    23.80  196.48438     -2.70   196.48438     -1.80
 196.67969   -42.80  196.67969    23.10  196.67969     -3.00   196.67969     -2.60
 196.87500   -43.20  196.87500    23.20  196.87500     -2.60   196.87500     -2.40
 197.07031   -43.50  197.07031    22.20  197.07031     -2.50   197.07031     -3.00
 197.26562   -43.30  197.26562    21.20  197.26562     -2.80   197.26562     -2.20
 197.46094   -43.70  197.46094    20.00  197.46094     -3.00   197.46094     -2.20
 197.65625   -40.70  197.65625    19.50  197.65625     -3.20   197.65625     -2.90
 197.85156   -24.60  197.85156    20.30  197.85156     -3.40   197.85156     -3.00
 198.04688   -13.50  198.04688    19.40  198.04688     -3.00   198.04688     -2.80
 198.24219    15.00  198.24219    20.50  198.24219     -3.20   198.24219     -2.70
 198.43750    31.20  198.43750    20.40  198.43750     -2.40   198.43750      0.20
 198.63281    58.80  198.63281    20.30  198.63281     -2.60   198.63281     -3.10
 198.82812    66.00  198.82812    20.50  198.82812     -2.30   198.82812     -3.30
 199.02344    77.20  199.02344    19.70  199.02344     -3.00   199.02344     -3.50
 199.21875    77.60  199.21875    18.20  199.21875     -2.50   199.21875     -3.00
 199.41406    65.40  199.41406    16.20  199.41406     -3.20   199.41406     -3.20
 199.60938    55.80  199.60938    16.20  199.60938     -3.60   199.60938     -2.30
 199.80469    32.40  199.80469    13.00  199.80469     -3.80   199.80469     -2.40
