   0.00000    19.10    0.00000    26.80    0.00000     -4.40     0.00000     -5.00
   0.19531    29.10    0.19531    34.90    0.19531      0.90     0.19531      2.50
   0.39062    23.00    0.39062    28.70    0.39062     -2.80     0.39062     -2.60
   0.58594    20.90    0.58594    26.50    0.58594     -2.50     0.58594     -1.90
   0.78125    21.60    0.78125    25.90    0.78125     -2.60     0.78125     -2.40
   0.97656    22.20    0.97656    24.40    0.97656     -2.90     0.97656     -1.90
   1.17188    21.90    1.17188    22.30    1.17188     -2.80     1.17188     -1.80
   1.36719    21.40    1.36719    19.10    1.36719     -2.90     1.36719     -2.40
   1.56250    20.90    1.56250    18.20    1.56250     -3.50     1.56250     -2.30
   1.75781    20.40    1.75781    16.30    1.75781     -2.80     1.75781     -2.80
   1.95312    20.00    1.95312    16.30    1.95312     -2.60     1.95312     -1.70
   2.14844    20.10    2.14844    17.00    2.14844     -3.10     2.14844     -2.60
   2.34375    20.70    2.34375    17.60    2.34375     -3.20     2.34375     -3.20
   2.53906    21.20    2.53906    19.50    2.53906     -2.00     2.53906     -2.30
   2.73438    20.20    2.73438    21.60    2.73438     -3.10     2.73438     -2.10
   2.92969    19.30    2.92969    27.10    2.92969     -2.30     2.92969     -1.70
   3.12500    18.70    3.12500    29.50    3.12500     -1.90     3.12500     -1.60
   3.32031    16.30    3.32031    34.10    3.32031     -1.80     3.32031     -1.10
   3.51562    15.60    3.51562    35.20    3.51562     -2.60     3.51562     -2.40
   3.71094    13.00    3.71094    38.30    3.71094     -2.80     3.71094     -1.20
   3.90625    10.60    3.90625    38.90    3.90625     -2.20     3.90625     -2.20
   4.10156     7.50    4.10156    36.00    4.10156     -2.30     4.10156     -2.50
   4.29688     7.10    4.29688    29.20    4.29688     -2.80     4.29688     -2.00
   4.49219     8.40    4.49219     9.90    4.49219     -2.90     4.49219     -1.80
   4.68750     9.30    4.68750     5.50    4.68750     -2.80     4.68750     -2.70
   4.88281    16.70    4.88281    -8.50    4.88281     -1.60     4.88281     -3.40
   5.07812    21.70    5.07812   -11.90    5.07812     -2.50     5.07812     -3.00
   5.27344    32.50    5.27344   -17.80    5.27344     -2.70     5.27344     -2.50
   5.46875    36.50    5.46875   -22.20    5.46875     -2.60     5.46875     -3.00
   5.66406    40.60    5.66406   -31.90    5.66406     -2.20     5.66406     -2.30
   5.85938    41.70    5.85938   -33.70    5.85938     -3.10     5.85938     -1.90
   6.05469    40.10    6.05469   -30.10    6.05469     -2.10     6.05469     -2.60
   6.25000    38.60    6.25000   -26.00    6.25000     -3.10     6.25000     -2.60
   6.44531    33.80    6.44531   -14.30    6.44531     -3.70     6.44531     -2.70
   6.64062    31.70    6.64062   -11.60    6.64062     -2.70     6.64062     -3.30
   6.83594    27.80    6.83594   -12.80    6.83594     -2.30     6.83594     -2.50
   7.03125    26.90    7.03125   -17.40    7.03125     -2.00     7.03125     -1.90
   7.22656    25.40    7.22656   -26.60    7.22656     -2.00     7.22656     -2.50
   7.42188    24.20    7.42188   -30.20    7.42188     -2.30     7.42188     -2.20
   7.61719    22.40    7.61719   -32.80    7.61719     -2.80     7.61719     -2.80
   7.81250    21.50    7.81250   -32.30    7.81250     -3.00     7.81250     -3.00
   8.00781    20.60    8.00781   -31.30    8.00781     -3.10     8.00781     -3.00
   8.20312    18.70    8.20312   -30.20    8.20312     -3.90     8.20312     -2.80
   8.39844    16.10    8.39844   -30.20    8.39844     -3.50     8.39844     -2.40
   8.59375    15.40    8.59375   -29.60    8.59375     -3.10     8.59375     -2.70
   8.78906    14.50    8.78906   -31.50    8.78906     -2.90     8.78906     -2.50
   8.98438    15.90    8.98438   -32.50    8.98438     -2.60     8.98438     -2.30
   9.17969    19.30    9.17969   -34.00    9.17969     -3.00     9.17969     -3.20
   9.37500    21.60    9.37500   -34.10    9.37500     -3.20     9.37500     -2.70
   9.57031    26.20    9.57031   -34.20    9.57031     -2.50     9.57031     -3.50
   9.76562    29.50    9.76562   -34.00    9.76562     -2.00     9.76562     -3.50
   9.96094    35.10    9.96094   -34.50    9.96094     -2.60     9.96094     -2.40
  10.15625    36.90   10.15625   -34.60   10.15625     -3.30    10.15625     -1.90
  10.35156    36.40   10.35156   -35.30   10.35156      1.10    10.35156     -2.10
  10.54688    30.70   10.54688   -35.50   10.54688     -2.50    10.54688     -2.00
  10.74219    12.50   10.74219   -36.10   10.74219     -2.20    10.74219     -2.50
  10.93750     6.10   10.93750   -36.10   10.93750     -2.80    10.93750     -3.40
  11.13281    -8.50   11.13281   -35.50   11.13281     -3.00    11.13281     -2.70
  11.32812   -14.00   11.32812   -35.70   11.32812     -2.90    11.32812     -3.10
  11.52344   -22.30   11.52344   -35.70   11.52344     -3.50    11.52344     -2.50
  11.71875   -28.00   11.71875   -36.40   11.71875     -3.40    11.71875     -2.10
  11.91406   -36.30   11.91406   -37.50   11.91406      0.90    11.91406     -2.20
  12.10938   -37.80   12.10938   -38.30   12.10938     -2.70    12.10938     -0.90
  12.30469   -33.90   12.30469   -38.20   12.30469     -3.10    12.30469     -2.70
  12.50000   -28.50   12.50000   -39.10   12.50000     -1.90    12.50000     -2.80
  12.69531   -16.70   12.69531   -39.00   12.69531     -1.10    12.69531     -2.00
  12.89062   -13.70   12.89062   -38.80   12.89062     -3.50    12.89062     -2.00
  13.08594   -14.30   13.08594   -40.50   13.08594     -2.00    13.08594     -2.60
  13.28125   -16.80   13.28125   -40.60   13.28125     -3.30    13.28125     -2.30
  13.47656   -24.10   13.47656   -41.70   13.47656     -3.10    13.47656     -3.40
  13.67188   -27.60   13.67188   -41.40   13.67188     -3.10    13.67188     -3.20
  13.86719   -30.40   13.86719   -39.80   13.86719     -3.60    13.86719     -3.10
  14.06250   -31.70   14.06250   -40.50   14.06250     -3.30    14.06250     -3.80
  14.25781   -33.00   14.25781   -40.90   14.25781     -3.20    14.25781     -3.00
  14.45312   -34.10   14.45312   -40.60   14.45312     -3.60    14.45312     -3.00
  14.64844   -33.50   14.64844   -41.40   14.64844     -3.20    14.64844     -2.80
  14.84375   -32.80   14.84375   -41.40   14.84375     -3.00    14.84375     -2.30
  15.03906   -34.30   15.03906   -41.10   15.03906     -3.00    15.03906     -2.60
  15.23438   -34.90   15.23438   -41.50   15.23438     -3.80    15.23438     -2.30
  15.42969   -35.80   15.42969   -42.70   15.42969     -3.50    15.42969     -2.70
  15.62500   -36.70   15.62500   -42.30   15.62500     -3.00    15.62500     -3.40
  15.82031   -35.60   15.82031   -42.80   15.82031     -3.20    15.82031     -2.70
  16.01562   -35.70   16.01562   -43.00   16.01562     -3.10    16.01562     -2.20
  16.21094   -35.50   16.21094   -43.30   16.21094     -3.10    16.21094     -1.80
  16.40625   -36.00   16.40625   -43.70   16.40625     -3.70    16.40625     -1.20
  16.60156   -36.40   16.60156   -37.50   16.60156     -3.50    16.60156     -2.40
  16.79688   -37.70   16.79688   -27.60   16.79688     -3.90    16.79688     -2.50
  16.99219   -38.00   16.99219    -5.10   16.99219     -3.40    16.99219     -3.00
  17.18750   -38.00   17.18750     8.70   17.18750     -3.60    17.18750     -2.20
  17.38281   -37.80   17.38281    37.00   17.38281     -2.90    17.38281     -3.00
  17.57812   -37.70   17.57812    46.70   17.57812     -3.20    17.57812     -3.30
  17.77344   -37.50   17.77344    65.60   17.77344     -2.20    17.77344     -2.50
  17.96875   -38.40   17.96875    69.60   17.96875     -2.70    17.96875     -3.50
  18.16406   -39.80   18.16406    75.20   18.16406     -2.40    18.16406     -2.30
  18.35938   -40.00   18.35938    61.30   18.35938     -2.80    18.35938     -1.70
  18.55469   -40.90   18.55469    41.00   18.55469     -2.50    18.55469     -2.00
  18.75000   -40.70   18.75000    34.50   18.75000     -2.10    18.75000     -2.50
  18.94531   -40.50   18.94531    23.70   18.94531     -2.70    18.94531     -2.90
  19.14062   -40.80   19.14062    20.10   19.14062     -4.10    19.14062     -3.10
  19.33594   -41.50   19.33594    21.30   19.33594     -3.40    19.33594     -2.20
  19.53125   -41.70   19.53125    21.00   19.53125     -2.70    19.53125     -2.30
  19.72656   -42.60   19.72656    20.70   19.72656     -3.30    19.72656     -2.40
  19.92188   -43.10   19.92188    19.50   19.92188     -3.20    19.92188     -2.40
  20.11719   -43.70   20.11719    18.80   20.11719     -3.50    20.11719     -2.70
  20.31250   -43.20   20.31250    18.60   20.31250     -2.40    20.31250     -3.00
  20.50781   -43.50   20.50781    20.20   20.50781     -3.00    20.50781     -1.70
  20.70312   -42.80   20.70312    19.70   20.70312     -3.50    20.70312     -2.20
  20.89844   -42.70   20.89844    19.30   20.89844     -2.10    20.89844     -2.90
  21.09375   -42.30   21.09375    19.20   21.09375     -2.30    21.09375     -2.40
  21.28906   -42.80   21.28906    18.80   21.28906     -2.50    21.28906     -2.60
  21.48438   -43.00   21.48438    18.10   21.48438     -3.30    21.48438     -2.10
  21.67969   -43.80   21.67969    16.40   21.67969     -3.40    21.67969     -3.40
  21.87500   -43.80   21.87500    15.50   21.87500     -2.70    21.87500     -3.20
  22.07031   -43.90   22.07031    13.20   22.07031     -2.70    22.07031     -3.30
  22.26562   -44.30   22.26562    12.20   22.26562     -3.00    22.26562     -4.10
  22.46094   -44.20   22.46094     8.70   22.46094     -2.80    22.46094     -2.70
  22.65625   -44.20   22.65625     7.80   22.65625     -3.30    22.65625     -2.50
  22.85156   -39.70   22.85156     6.60   22.85156     -2.80    22.85156     -2.30
  23.04688   -30.10   23.04688     8.00   23.04688     -3.30    23.04688     -3.20
  23.24219    -5.00   23.24219    14.60   23.24219     -3.00    23.24219     -2.50
  23.43750     8.70   23.43750    17.80   23.43750     -2.70    23.43750     -2.60
  23.63281    35.80   23.63281    26.50   23.63281     -2.00    23.63281     -2.30
  23.82812    51.00   23.82812    30.80   23.82812     -3.20    23.82812     -2.40
  24.02344    67.90   24.02344    36.50   24.02344     -2.50    24.02344     -3.20
  24.21875    72.40   24.21875    37.40   24.21875     -3.20    24.21875     -2.40
  24.41406    73.40   24.41406    37.80   24.41406     -2.00    24.41406     -3.00
  24.60938    66.70   24.60938    36.30   24.60938     -2.40    24.60938     -2.40
  24.80469    45.90   24.80469    33.90   24.80469     -2.30    24.80469     -2.70
  25.00000    38.00   25.00000    32.00   25.00000     -2.50    25.00000     -2.30
  25.19531    25.10   25.19531    29.50   25.19531     -1.30    25.19531     -2.30
  25.39062    21.90   25.39062    28.20   25.39062     -3.10    25.39062     -2.20
  25.58594    21.20   25.58594    25.90   25.58594     -2.10    25.58594     -2.40
  25.78125    21.10   25.78125    25.80   25.78125     -3.00    25.78125     -3.10
  25.97656    21.50   25.97656    23.60   25.97656     -2.80    25.97656     -2.70
  26.17188    21.80   26.17188    22.30   26.17188     -3.20    26.17188     -3.40
  26.36719    20.80   26.36719    19.80   26.36719     -2.90    26.36719     -2.90
  26.56250    20.80   26.56250    18.60   26.56250     -2.60    26.56250     -2.30
  26.75781    20.70   26.75781    16.80   26.75781     -3.40    26.75781     -2.70
  26.95312    20.60   26.95312    15.70   26.95312     -2.90    26.95312     -3.10
  27.14844    20.80   27.14844    17.00   27.14844     -3.50    27.14844     -2.70
  27.34375    21.30   27.34375    17.70   27.34375     -3.10    27.34375     -3.00
  27.53906    20.70   27.53906    19.00   27.53906     -2.90    27.53906     -2.40
  27.73438    19.90   27.73438    22.20   27.73438     -2.80    27.73438     -2.30
  27.92969    18.30   27.92969    25.10   27.92969     -2.20    27.92969     -2.50
  28.12500    18.50   28.12500    27.30   28.12500     -2.30    28.12500     -2.20
  28.32031    16.80   28.32031    33.30   28.32031     -1.90    28.32031     -1.90
  28.51562    15.70   28.51562    34.80   28.51562     -2.20    28.51562     -2.20
  28.71094    13.30   28.71094    38.00   28.71094     -2.10    28.71094     -2.30
  28.90625    10.90   28.90625    38.90   28.90625     -3.10    28.90625     -2.30
  29.10156     8.50   29.10156    36.30   29.10156     -3.20    29.10156     -3.20
  29.29688     7.30   29.29688    30.80   29.29688     -3.40    29.29688     -2.80
  29.49219     7.60   29.49219    12.60   29.49219     -3.00    29.49219     -2.20
  29.68750     9.40   29.68750     3.00   29.68750     -3.10    29.68750     -2.20
  29.88281    18.80   29.88281   -10.50   29.88281     -2.40    29.88281     -3.00
  30.07812    23.30   30.07812   -12.20   30.07812     -3.00    30.07812     -3.20
  30.27344    31.90   30.27344   -18.60   30.27344     -2.60    30.27344     -3.60
  30.46875    35.10   30.46875   -20.70   30.46875     -2.30    30.46875     -3.00
  30.66406    41.10   30.66406   -32.50   30.66406     -2.70    30.66406     -3.20
  30.85938    41.40   30.85938   -34.00   30.85938     -2.40    30.85938     -2.40
  31.05469    39.20   31.05469   -29.70   31.05469     -2.20    31.05469     -2.80
  31.25000    38.50   31.25000   -24.90   31.25000     -3.30    31.25000     -3.00
  31.44531    34.40   31.44531   -13.70   31.44531     -2.10    31.44531     -1.90
  31.64062    31.50   31.64062    -9.70   31.64062     -2.80    31.64062     -1.60
  31.83594    27.40   31.83594   -13.20   31.83594     -2.20    31.83594     -2.60
  32.03125    26.80   32.03125   -15.80   32.03125     -2.30    32.03125     -1.90
  32.22656    24.40   32.22656   -27.30   32.22656     -2.80    32.22656     -1.90
  32.42188    24.20   32.42188   -30.40   32.42188     -2.30    32.42188     -1.60
  32.61719    23.10   32.61719   -33.30   32.61719     -2.50    32.61719     -2.80
  32.81250    21.90   32.81250   -33.80   32.81250     -3.10    32.81250     -2.60
  33.00781    20.00   33.00781   -31.40   33.00781     -3.50    33.00781     -2.90
  33.20312    19.10   33.20312   -30.80   33.20312     -3.60    33.20312     -2.40
  33.39844    17.30   33.39844   -30.30   33.39844     -3.90    33.39844     -2.90
  33.59375    16.10   33.59375   -30.60   33.59375     -3.80    33.59375     -2.40
  33.78906    15.50   33.78906   -31.50   33.78906     -3.60    33.78906     -2.80
  33.98438    16.30   33.98438   -32.70   33.98438     -4.00    33.98438     -3.40
  34.17969    18.50   34.17969   -34.20   34.17969     -2.50    34.17969     -2.20
  34.37500    20.80   34.37500   -34.50   34.37500     -2.30    34.37500     -1.80
  34.57031    25.30   34.57031   -34.00   34.57031     -2.60    34.57031     -1.50
  34.76562    28.40   34.76562   -33.60   34.76562     -2.30    34.76562     -2.60
  34.96094    33.80   34.96094   -34.00   34.96094     -2.80    34.96094     -2.00
  35.15625    36.00   35.15625   -33.90   35.15625     -3.00    35.15625     -2.20
  35.35156    36.40   35.35156   -35.70   35.35156     -3.50    35.35156     -0.40
  35.54688    31.80   35.54688   -36.40   35.54688     -2.80    35.54688     -3.20
  35.74219    17.40   35.74219   -36.50   35.74219     -2.80    35.74219     -2.90
  35.93750    10.00   35.93750   -36.40   35.93750     -3.20    35.93750     -2.90
  36.13281    -5.90   36.13281   -35.50   36.13281     -2.90    36.13281     -2.80
  36.32812   -11.50   36.32812   -34.60   36.32812     -2.30    36.32812     -1.90
  36.52344   -19.80   36.52344   -36.00   36.52344     -2.50    36.52344     -2.50
  36.71875   -25.50   36.71875   -36.60   36.71875     -2.70    36.71875     -2.40
  36.91406   -35.10   36.91406   -37.70   36.91406     -3.00    36.91406     -2.00
  37.10938   -37.80   37.10938   -38.10   37.10938     -2.30    37.10938     -1.70
  37.30469   -32.70   37.30469   -37.30   37.30469     -2.10    37.30469     -2.10
  37.50000   -28.50   37.50000   -38.50   37.50000     -2.60    37.50000     -2.40
  37.69531   -18.00   37.69531   -38.10   37.69531     -2.80    37.69531     -2.60
  37.89062   -14.40   37.89062   -39.40   37.89062     -3.20    37.89062     -2.50
  38.08594   -13.70   38.08594   -39.60   38.08594     -2.60    38.08594     -2.10
  38.28125   -15.30   38.28125   -39.70   38.28125     -2.30    38.28125     -2.50
  38.47656   -22.70   38.47656   -40.30   38.47656     -1.20    38.47656     -1.70
  38.67188   -27.90   38.67188   -39.90   38.67188     -2.20    38.67188     -2.20
  38.86719   -30.60   38.86719   -40.40   38.86719     -2.00    38.86719     -2.80
  39.06250   -32.20   39.06250   -39.90   39.06250     -2.40    39.06250     -1.60
  39.25781   -32.60   39.25781   -40.00   39.25781     -2.40    39.25781     -1.80
  39.45312   -32.70   39.45312   -40.00   39.45312     -2.10    39.45312     -2.30
  39.64844   -33.40   39.64844   -40.50   39.64844     -3.30    39.64844     -2.00
  39.84375   -33.20   39.84375   -41.10   39.84375     -3.50    39.84375     -2.50
  40.03906   -33.10   40.03906   -40.90   40.03906     -3.40    40.03906     -3.50
  40.23438   -34.50   40.23438   -41.80   40.23438     -3.70    40.23438     -2.00
  40.42969   -36.20   40.42969   -42.30   40.42969     -3.20    40.42969     -3.30
  40.62500   -36.70   40.62500   -43.10   40.62500     -3.50    40.62500     -1.40
  40.82031   -36.70   40.82031   -43.10   40.82031     -2.70    40.82031     -2.90
  41.01562   -36.40   41.01562   -42.80   41.01562     -3.80    41.01562     -2.90
  41.21094   -35.30   41.21094   -43.30   41.21094     -3.40    41.21094     -3.00
  41.40625   -35.50   41.40625   -44.10   41.40625     -2.50    41.40625     -2.40
  41.60156   -36.00   41.60156   -38.50   41.60156     -3.00    41.60156     -2.60
  41.79688   -37.60   41.79688   -31.60   41.79688     -2.90    41.79688     -3.70
  41.99219   -38.50   41.99219    -8.20   41.99219     -3.00    41.99219     -2.60
  42.18750   -38.20   42.18750     5.00   42.18750     -3.00    42.18750     -3.10
  42.38281   -37.40   42.38281    31.40   42.38281     -2.50    42.38281     -2.80
  42.57812   -37.40   42.57812    44.70   42.57812     -2.50    42.57812     -3.10
  42.77344   -37.70   42.77344    63.60   42.77344     -3.60    42.77344     -2.10
  42.96875   -37.60   42.96875    68.40   42.96875     -1.80    42.96875     -2.20
  43.16406   -38.40   43.16406    68.90   43.16406     -3.20    43.16406     -2.60
  43.35938   -40.30   43.35938    64.10   43.35938     -3.00    43.35938     -2.60
  43.55469   -41.20   43.55469    44.70   43.55469     -2.90    43.55469     -3.20
  43.75000   -41.10   43.75000    37.90   43.75000     -2.50    43.75000     -3.20
  43.94531   -40.80   43.94531    23.60   43.94531     -2.50    43.94531     -2.60
  44.14062   -40.70   44.14062    20.50   44.14062     -2.60    44.14062     -2.30
  44.33594   -40.10   44.33594    20.20   44.33594     -2.40    44.33594     -2.70
  44.53125   -40.90   44.53125    21.00   44.53125     -2.60    44.53125     -2.10
  44.72656   -42.10   44.72656    20.40   44.72656     -2.20    44.72656     -2.80
  44.92188   -42.70   44.92188    19.90   44.92188     -2.10    44.92188     -2.30
  45.11719   -43.70   45.11719    19.20   45.11719     -2.30    45.11719     -2.40
  45.31250   -43.40   45.31250    19.00   45.31250     -2.20    45.31250     -2.40
  45.50781   -43.20   45.50781    18.70   45.50781     -2.50    45.50781     -3.10
  45.70312   -42.20   45.70312    19.10   45.70312     -3.20    45.70312     -3.10
  45.89844   -42.00   45.89844    19.80   45.89844     -3.20    45.89844     -2.10
  46.09375   -42.40   46.09375    19.70   46.09375     -3.00    46.09375     -2.60
  46.28906   -43.30   46.28906    18.90   46.28906     -3.10    46.28906     -3.70
  46.48438   -43.90   46.48438    18.50   46.48438     -3.20    46.48438     -2.20
  46.67969   -44.10   46.67969    17.20   46.67969     -2.80    46.67969     -2.80
  46.87500   -44.10   46.87500    16.10   46.87500     -3.00    46.87500     -2.50
  47.07031   -44.20   47.07031    14.00   47.07031     -2.60    47.07031     -2.80
  47.26562   -44.00   47.26562    12.10   47.26562     -2.10    47.26562     -2.70
  47.46094   -43.60   47.46094     9.50   47.46094     -2.30    47.46094     -1.90
  47.65625   -44.00   47.65625     8.20   47.65625     -2.70    47.65625     -2.70
  47.85156   -38.70   47.85156     6.10   47.85156     -3.10    47.85156     -2.80
  48.04688   -30.00   48.04688     9.80   48.04688     -2.40    48.04688     -3.50
  48.24219    -7.00   48.24219    13.00   48.24219     -3.20    48.24219     -2.60
  48.43750     7.00   48.43750    17.10   48.43750     -3.20    48.43750     -2.90
  48.63281    33.70   48.63281    24.70   48.63281     -2.40    48.63281     -2.80
  48.82812    50.20   48.82812    30.30   48.82812     -3.00    48.82812     -3.30
  49.02344    68.70   49.02344    36.00   49.02344     -2.50    49.02344     -2.10
  49.21875    73.30   49.21875    37.30   49.21875     -2.80    49.21875     -2.50
  49.41406    72.70   49.41406    37.40   49.41406     -3.20    49.41406     -1.90
  49.60938    67.10   49.60938    36.80   49.60938     -2.90    49.60938     -2.80
  49.80469    47.40   49.80469    34.50   49.80469     -3.00    49.80469     -2.20
  50.00000    37.90   50.00000    32.50   50.00000     -3.30    50.00000     -2.60
  50.19531    26.10   50.19531    29.70   50.19531     -2.50    50.19531     -2.00
  50.39062    21.50   50.39062    28.70   50.39062     -3.00    50.39062     -2.00
  50.58594    20.60   50.58594    25.80   50.58594     -3.20    50.58594     -3.00
  50.78125    20.90   50.78125    25.20   50.78125     -1.30    50.78125     -2.80
  50.97656    21.30   50.97656    23.50   50.97656     -2.80    50.97656     -2.80
  51.17188    21.10   51.17188    21.80   51.17188     -3.00    51.17188     -2.60
  51.36719    21.20   51.36719    19.90   51.36719     -3.10    51.36719     -2.80
  51.56250    20.80   51.56250    18.90   51.56250     -3.20    51.56250     -3.20
  51.75781    20.70   51.75781    16.70   51.75781     -2.40    51.75781     -3.10
  51.95312    20.40   51.95312    17.10   51.95312     -3.50    51.95312     -2.50
  52.14844    20.80   52.14844    15.30   52.14844     -3.20    52.14844     -3.10
  52.34375    20.70   52.34375    16.50   52.34375     -2.50    52.34375     -1.30
  52.53906    20.10   52.53906    19.10   52.53906     -2.10    52.53906     -2.10
  52.73438    20.00   52.73438    20.60   52.73438     -3.00    52.73438     -2.30
  52.92969    19.50   52.92969    25.50   52.92969     -2.60    52.92969     -3.10
  53.12500    18.40   53.12500    26.90   53.12500     -2.70    53.12500     -3.50
  53.32031    17.00   53.32031    32.00   53.32031     -2.70    53.32031     -2.10
  53.51562    16.10   53.51562    33.90   53.51562     -2.60    53.51562     -2.60
  53.71094    12.90   53.71094    37.30   53.71094     -3.10    53.71094     -3.00
  53.90625    11.90   53.90625    38.40   53.90625     -3.10    53.90625     -3.20
  54.10156     7.80   54.10156    35.90   54.10156     -3.10    54.10156     -1.20
  54.29688     6.30   54.29688    31.00   54.29688     -2.90    54.29688     -2.30
  54.49219     7.40   54.49219    10.90   54.49219     -2.20    54.49219     -2.10
  54.68750    10.00   54.68750     3.00   54.68750     -2.50    54.68750     -2.10
  54.88281    16.50   54.88281    -9.70   54.88281     -2.70    54.88281     -2.10
  55.07812    22.70   55.07812   -13.30   55.07812     -2.90    55.07812     -2.90
  55.27344    32.60   55.27344   -20.30   55.27344     -3.20    55.27344     -2.00
  55.46875    36.20   55.46875   -22.70   55.46875     -2.90    55.46875     -3.00
  55.66406    41.80   55.66406   -32.20   55.66406     -2.30    55.66406     -2.60
  55.85938    42.90   55.85938   -34.70   55.85938     -2.40    55.85938     -1.70
  56.05469    39.60   56.05469   -29.50   56.05469     -2.10    56.05469     -3.30
  56.25000    38.20   56.25000   -25.90   56.25000     -2.10    56.25000     -2.40
  56.44531    34.10   56.44531   -14.90   56.44531     -2.60    56.44531     -0.90
  56.64062    30.60   56.64062   -11.40   56.64062     -2.60    56.64062     -2.10
  56.83594    28.00   56.83594   -13.20   56.83594     -3.20    56.83594     -2.20
  57.03125    27.00   57.03125   -17.30   57.03125     -2.90    57.03125     -2.60
  57.22656    24.80   57.22656   -26.30   57.22656     -3.00    57.22656     -1.90
  57.42188    24.10   57.42188   -30.40   57.42188     -3.00    57.42188     -3.60
  57.61719    22.90   57.61719   -33.30   57.61719     -3.00    57.61719     -2.30
  57.81250    22.00   57.81250   -32.60   57.81250     -3.60    57.81250     -1.60
  58.00781    20.80   58.00781   -31.10   58.00781     -3.50    58.00781     -1.90
  58.20312    19.40   58.20312   -30.30   58.20312     -3.40    58.20312     -3.40
  58.39844    17.80   58.39844   -31.10   58.39844     -2.20    58.39844     -2.60
  58.59375    15.70   58.59375   -29.80   58.59375     -2.20    58.59375     -1.70
  58.78906    16.20   58.78906   -31.20   58.78906     -2.10    58.78906     -2.90
  58.98438    15.70   58.98438   -32.00   58.98438     -2.30    58.98438     -2.70
  59.17969    19.40   59.17969   -32.90   59.17969     -2.10    59.17969     -3.10
  59.37500    20.80   59.37500   -33.70   59.37500     -3.20    59.37500     -1.90
  59.57031    25.90   59.57031   -33.50   59.57031     -2.90    59.57031     -2.00
  59.76562    28.70   59.76562   -33.70   59.76562     -3.10    59.76562     -2.60
  59.96094    34.70   59.96094   -34.00   59.96094     -3.20    59.96094     -2.70
  60.15625    36.70   60.15625   -34.50   60.15625     -3.10    60.15625     -2.60
  60.35156    37.40   60.35156   -35.30   60.35156     -2.90    60.35156     -3.30
  60.54688    33.30   60.54688   -36.90   60.54688     -3.10    60.54688      0.10
  60.74219    17.40   60.74219   -37.00   60.74219     -1.80    60.74219     -3.30
  60.93750     9.80   60.93750   -37.20   60.93750     -2.20    60.93750     -3.60
  61.13281    -6.50   61.13281   -35.70   61.13281     -3.20    61.13281     -2.40
  61.32812   -11.70   61.32812   -36.00   61.32812     -3.00    61.32812     -1.80
  61.52344   -19.70   61.52344   -36.10   61.52344     -3.40    61.52344     -2.50
  61.71875   -24.50   61.71875   -36.40   61.71875     -3.70    61.71875     -1.50
  61.91406   -35.40   61.91406   -38.00   61.91406     -3.20    61.91406     -1.70
  62.10938   -37.90   62.10938   -37.50   62.10938     -2.70    62.10938     -1.80
  62.30469   -35.00   62.30469   -38.70   62.30469     -2.30    62.30469     -2.10
  62.50000   -30.90   62.50000   -38.90   62.50000     -3.00    62.50000     -1.80
  62.69531   -19.40   62.69531   -39.10   62.69531     -2.60    62.69531     -2.30
  62.89062   -13.70   62.89062   -38.90   62.89062     -2.60    62.89062     -2.50
  63.08594   -12.70   63.08594   -39.60   63.08594     -2.60    63.08594     -2.70
  63.28125   -16.00   63.28125   -40.30   63.28125     -2.10    63.28125     -2.00
  63.47656   -22.70   63.47656   -40.50   63.47656     -2.70    63.47656     -3.00
  63.67188   -25.70   63.67188   -40.90   63.67188     -2.30    63.67188     -2.70
  63.86719   -30.60   63.86719   -40.20   63.86719     -1.70    63.86719     -0.50
  64.06250   -32.60   64.06250   -40.50   64.06250     -2.90    64.06250     -2.10
  64.25781   -33.20   64.25781   -39.70   64.25781     -2.10    64.25781     -1.40
  64.45312   -33.30   64.45312   -40.20   64.45312     -3.30    64.45312     -2.50
  64.64844   -32.60   64.64844   -40.70   64.64844     -2.50    64.64844     -1.90
  64.84375   -33.20   64.84375   -41.40   64.84375     -2.40    64.84375     -2.80
  65.03906   -34.20   65.03906   -42.20   65.03906     -2.90    65.03906     -3.20
  65.23438   -34.70   65.23438   -43.00   65.23438     -3.50    65.23438     -1.60
  65.42969   -35.50   65.42969   -42.90   65.42969     -2.50    65.42969     -3.60
  65.62500   -35.40   65.62500   -43.50   65.62500     -3.50    65.62500     -3.30
  65.82031   -36.00   65.82031   -42.90   65.82031     -2.80    65.82031     -3.30
  66.01562   -36.70   66.01562   -42.80   66.01562     -2.70    66.01562     -2.90
  66.21094   -35.90   66.21094   -43.30   66.21094     -2.40    66.21094     -1.80
  66.40625   -35.30   66.40625   -42.80   66.40625     -2.60    66.40625     -2.60
  66.60156   -36.20   66.60156   -34.90   66.60156     -2.40    66.60156     -2.80
  66.79688   -37.60   66.79688   -25.80   66.79688     -3.00    66.79688     -3.00
  66.99219   -38.00   66.99219     1.80   66.99219     -3.50    66.99219     -2.60
  67.18750   -38.10   67.18750    16.20   67.18750     -2.70    67.18750     -3.30
  67.38281   -37.20   67.38281    40.10   67.38281     -3.60    67.38281     -3.10
  67.57812   -37.00   67.57812    51.60   67.57812     -3.30    67.57812     -3.10
  67.77344   -37.20   67.77344    66.40   67.77344     -3.00    67.77344     -2.00
  67.96875   -38.00   67.96875    69.30   67.96875     -3.30    67.96875     -3.10
  68.16406   -40.00   68.16406    65.40   68.16406     -2.80    68.16406     -2.30
  68.35938   -40.40   68.35938    57.80   68.35938     -2.60    68.35938     -3.30
  68.55469   -40.50   68.55469    38.00   68.55469     -3.10    68.55469     -2.90
  68.75000   -40.70   68.75000    30.30   68.75000     -2.40    68.75000     -2.90
  68.94531   -40.50   68.94531    21.60   68.94531     -3.10    68.94531     -2.30
  69.14062   -40.40   69.14062    20.70   69.14062     -2.40    69.14062     -2.40
  69.33594   -41.10   69.33594    22.10   69.33594     -2.90    69.33594     -2.10
  69.53125   -40.80   69.53125    21.60   69.53125     -1.80    69.53125     -2.10
  69.72656   -41.10   69.72656    20.70   69.72656     -2.30    69.72656     -2.20
  69.92188   -41.70   69.92188    19.10   69.92188     -2.10    69.92188     -2.50
  70.11719   -42.90   70.11719    18.10   70.11719     -2.30    70.11719     -3.00
  70.31250   -42.80   70.31250    18.70   70.31250     -2.60    70.31250     -2.60
  70.50781   -42.30   70.50781    18.70   70.50781     -2.60    70.50781     -1.80
  70.70312   -41.80   70.70312    19.20   70.70312     -2.70    70.70312     -2.80
  70.89844   -41.80   70.89844    19.40   70.89844     -3.20    70.89844     -2.20
  71.09375   -42.20   71.09375    19.50   71.09375     -3.00    71.09375     -1.30
  71.28906   -43.50   71.28906    19.30   71.28906     -3.10    71.28906     -1.80
  71.48438   -43.70   71.48438    19.80   71.48438     -2.70    71.48438     -2.70
  71.67969   -44.10   71.67969    15.80   71.67969     -3.20    71.67969     -2.40
  71.87500   -44.10   71.87500    16.00   71.87500     -3.10    71.87500     -3.20
  72.07031   -43.30   72.07031    12.60   72.07031     -2.60    72.07031     -3.30
  72.26562   -44.10   72.26562    10.30   72.26562     -2.60    72.26562     -2.30
  72.46094   -43.50   72.46094     7.30   72.46094     -1.80    72.46094     -3.30
  72.65625   -42.50   72.65625     7.50   72.65625     -2.90    72.65625     -3.00
  72.85156   -29.60   72.85156     7.20   72.85156     -2.20    72.85156     -3.10
  73.04688   -21.90   73.04688     9.80   73.04688     -3.70    73.04688     -2.90
  73.24219     7.80   73.24219    17.50   73.24219     -3.30    73.24219     -2.60
  73.43750    20.90   73.43750    21.60   73.43750     -3.50    73.43750     -2.80
  73.63281    47.20   73.63281    29.90   73.63281     -3.60    73.63281     -2.70
  73.82812    58.10   73.82812    32.90   73.82812     -3.10    73.82812     -3.30
  74.02344    72.00   74.02344    37.10   74.02344     -2.70    74.02344     -2.30
  74.21875    74.20   74.21875    38.30   74.21875     -1.90    74.21875     -2.50
  74.41406    68.80   74.41406    37.00   74.41406     -2.50    74.41406     -2.80
  74.60938    57.60   74.60938    35.10   74.60938     -2.10    74.60938     -2.60
  74.80469    39.20   74.80469    33.00   74.80469     -2.70    74.80469     -3.00
  75.00000    32.10   75.00000    33.30   75.00000     -2.30    75.00000     -2.50
  75.19531    22.90   75.19531    28.90   75.19531     -3.00    75.19531     -2.40
  75.39062    21.90   75.39062    27.70   75.39062     -3.50    75.39062     -2.50
  75.58594    21.50   75.58594    24.90   75.58594     -3.40    75.58594     -3.00
  75.78125    21.40   75.78125    24.30   75.78125     -3.70    75.78125     -2.90
  75.97656    22.30   75.97656    22.70   75.97656     -2.20    75.97656     -2.30
  76.17188    22.30   76.17188    21.80   76.17188     -2.90    76.17188     -2.40
  76.36719    21.70   76.36719    19.20   76.36719     -2.40    76.36719     -1.70
  76.56250    21.00   76.56250    18.80   76.56250     -2.60    76.56250     -2.20
  76.75781    20.10   76.75781    16.30   76.75781     -2.50    76.75781     -1.80
  76.95312    20.30   76.95312    16.20   76.95312     -2.50    76.95312     -2.00
  77.14844    20.80   77.14844    17.10   77.14844     -2.10    77.14844     -3.10
  77.34375    20.10   77.34375    18.00   77.34375     -2.40    77.34375     -2.80
  77.53906    20.20   77.53906    20.40   77.53906     -2.80    77.53906     -2.20
  77.73438    19.20   77.73438    22.30   77.73438     -3.00    77.73438     -2.60
  77.92969    18.30   77.92969    27.80   77.92969     -2.60    77.92969     -2.60
  78.12500    17.20   78.12500    29.80   78.12500     -2.80    78.12500     -1.80
  78.32031    15.50   78.32031    35.00   78.32031     -2.60    78.32031     -2.20
  78.51562    14.70   78.51562    36.70   78.51562     -3.30    78.51562     -2.60
  78.71094    10.90   78.71094    38.60   78.71094     -1.60    78.71094     -2.20
  78.90625     8.90   78.90625    38.00   78.90625     -2.80    78.90625     -2.70
  79.10156     6.60   79.10156    29.70   79.10156     -2.40    79.10156     -2.70
  79.29688     6.90   79.29688    19.50   79.29688     -1.90    79.29688     -2.80
  79.49219    11.80   79.49219    -0.60   79.49219     -2.50    79.49219     -2.00
  79.68750    15.30   79.68750    -6.40   79.68750     -2.60    79.68750     -2.00
  79.88281    25.10   79.88281   -13.50   79.88281     -2.30    79.88281     -2.60
  80.07812    30.00   80.07812   -15.60   80.07812     -2.80    80.07812     -1.80
  80.27344    37.30   80.27344   -25.20   80.27344     -3.00    80.27344     -2.30
  80.46875    39.90   80.46875   -29.20   80.46875     -3.70    80.46875     -2.30
  80.66406    41.60   80.66406   -34.40   80.66406     -2.70    80.66406     -2.80
  80.85938    40.70   80.85938   -32.70   80.85938     -3.50    80.85938     -3.10
  81.05469    37.40   81.05469   -22.40   81.05469     -2.90    81.05469     -3.00
  81.25000    35.60   81.25000   -18.20   81.25000     -2.60    81.25000     -2.70
  81.44531    32.10   81.44531   -10.70   81.44531     -2.80    81.44531     -3.30
  81.64062    29.50   81.64062   -11.70   81.64062     -2.60    81.64062     -1.80
  81.83594    26.20   81.83594   -18.70   81.83594     -2.50    81.83594     -1.80
  82.03125    25.50   82.03125   -23.00   82.03125     -2.30    82.03125     -2.30
  82.22656    24.00   82.22656   -30.60   82.22656     -2.20    82.22656     -1.90
  82.42188    23.00   82.42188   -32.50   82.42188     -2.00    82.42188     -2.00
  82.61719    21.60   82.61719   -33.10   82.61719     -3.20    82.61719     -2.40
  82.81250    20.80   82.81250   -32.50   82.81250     -3.40    82.81250     -2.60
  83.00781    18.50   83.00781   -31.20   83.00781     -3.10    83.00781     -2.80
  83.20312    17.50   83.20312   -30.30   83.20312     -3.20    83.20312     -1.60
  83.39844    15.80   83.39844   -31.10   83.39844     -2.70    83.39844     -2.60
  83.59375    15.30   83.59375   -32.00   83.59375     -2.90    83.59375     -2.80
  83.78906    16.30   83.78906   -32.90   83.78906     -3.30    83.78906     -2.40
  83.98438    17.70   83.98438   -33.70   83.98438     -3.10    83.98438     -2.10
  84.17969    22.20   84.17969   -33.60   84.17969     -2.70    84.17969     -2.90
  84.37500    24.00   84.37500   -33.40   84.37500     -2.90    84.37500     -2.50
  84.57031    29.70   84.57031   -32.90   84.57031     -2.00    84.57031     -3.30
  84.76562    33.50   84.76562   -34.00   84.76562     -2.00    84.76562     -2.60
  84.96094    36.80   84.96094   -35.20   84.96094     -2.40    84.96094     -2.60
  85.15625    37.40   85.15625   -35.50   85.15625     -2.60    85.15625     -2.10
  85.35156    30.20   85.35156   -35.60   85.35156     -3.40    85.35156     -2.50
  85.54688    22.30   85.54688   -36.40   85.54688     -2.70    85.54688     -1.50
  85.74219     2.60   85.74219   -36.00   85.74219     -3.20    85.74219     -2.70
  85.93750    -1.50   85.93750   -36.50   85.93750     -2.60    85.93750     -2.60
  86.13281   -13.20   86.13281   -35.50   86.13281     -3.10    86.13281     -2.70
  86.32812   -18.30   86.32812   -36.00   86.32812     -2.50    86.32812     -3.20
  86.52344   -29.60   86.52344   -36.60   86.52344     -3.30    86.52344     -3.20
  86.71875   -33.40   86.71875   -37.30   86.71875     -3.20    86.71875     -2.30
  86.91406   -38.00   86.91406   -37.50   86.91406     -2.20    86.91406     -3.60
  87.10938   -36.60   87.10938   -38.30   87.10938     -1.80    87.10938     -2.80
  87.30469   -27.50   87.30469   -38.80   87.30469     -2.60    87.30469     -2.70
  87.50000   -21.20   87.50000   -39.90   87.50000     -2.70    87.50000     -2.40
  87.69531   -13.70   87.69531   -40.60   87.69531     -2.20    87.69531     -2.00
  87.89062   -13.60   87.89062   -41.70   87.89062     -2.70    87.89062     -1.40
  88.08594   -17.70   88.08594   -41.40   88.08594     -2.80    88.08594     -2.60
  88.28125   -20.40   88.28125   -41.10   88.28125     -2.60    88.28125     -1.60
  88.47656   -27.60   88.47656   -40.40   88.47656     -3.00    88.47656     -3.90
  88.67188   -30.10   88.67188   -40.50   88.67188     -2.80    88.67188     -4.50
  88.86719   -32.40   88.86719   -39.80   88.86719     -2.40    88.86719     -4.30
  89.06250   -33.00   89.06250   -39.10   89.06250     -2.80    89.06250     -3.90
  89.25781   -32.50   89.25781   -39.70   89.25781     -3.10    89.25781     -2.50
  89.45312   -32.60   89.45312   -40.50   89.45312     -3.00    89.45312     -2.90
  89.64844   -32.10   89.64844   -41.00   89.64844     -2.50    89.64844     -2.30
  89.84375   -33.10   89.84375   -42.20   89.84375     -3.20    89.84375     -2.20
  90.03906   -34.10   90.03906   -42.30   90.03906     -2.80    90.03906     -2.30
  90.23438   -35.50   90.23438   -43.20   90.23438     -2.50    90.23438     -2.70
  90.42969   -36.30   90.42969   -43.20   90.42969     -2.90    90.42969     -2.50
  90.62500   -36.20   90.62500   -43.20   90.62500     -2.80    90.62500     -2.40
  90.82031   -35.60   90.82031   -42.10   90.82031     -3.20    90.82031     -2.70
  91.01562   -35.50   91.01562   -42.60   91.01562     -2.00    91.01562     -2.40
  91.21094   -35.40   91.21094   -41.10   91.21094     -2.40    91.21094     -2.60
  91.40625   -35.60   91.40625   -38.20   91.40625     -3.10    91.40625     -3.20
  91.60156   -37.10   91.60156   -23.30   91.60156     -2.50    91.60156     -1.90
  91.79688   -37.10   91.79688    -9.80   91.79688     -2.30    91.79688     -2.20
  91.99219   -38.00   91.99219    18.40   91.99219     -2.30    91.99219     -2.40
  92.18750   -37.90   92.18750    28.90   92.18750     -2.80    92.18750     -2.50
  92.38281   -37.50   92.38281    52.80   92.38281     -2.50    92.38281     -2.20
  92.57812   -37.00   92.57812    61.00   92.57812     -2.60    92.57812     -3.10
  92.77344   -38.40   92.77344    69.50   92.77344     -3.40    92.77344     -2.70
  92.96875   -38.40   92.96875    70.10   92.96875     -3.20    92.96875     -2.70
  93.16406   -40.40   93.16406    58.90   93.16406     -2.60    93.16406     -2.00
  93.35938   -41.00   93.35938    47.10   93.35938     -3.10    93.35938     -1.80
  93.55469   -41.80   93.55469    28.60   93.55469     -3.00    93.55469     -3.10
  93.75000   -41.10   93.75000    24.10   93.75000     -2.40    93.75000     -2.50
  93.94531   -40.60   93.94531    19.60   93.94531     -1.90    93.94531     -2.80
  94.14062   -40.20   94.14062    20.40   94.14062     -1.90    94.14062     -1.60
  94.33594   -41.20   94.33594    20.70   94.33594     -2.90    94.33594     -2.60
  94.53125   -41.60   94.53125    20.80   94.53125     -3.00    94.53125     -2.60
  94.72656   -41.30   94.72656    19.90   94.72656     -2.90    94.72656     -2.60
  94.92188   -42.30   94.92188    19.10   94.92188     -2.80    94.92188     -3.00
  95.11719   -42.60   95.11719    18.60   95.11719     -2.80    95.11719     -2.80
  95.31250   -42.20   95.31250    18.90   95.31250     -2.50    95.31250     -2.90
  95.50781   -42.80   95.50781    19.00   95.50781     -2.50    95.50781     -3.00
  95.70312   -42.30   95.70312    19.10   95.70312     -2.20    95.70312     -2.50
  95.89844   -42.70   95.89844    19.30   95.89844     -2.10    95.89844     -2.30
  96.09375   -43.40   96.09375    18.00   96.09375     -2.50    96.09375     -2.80
  96.28906   -44.30   96.28906    17.70   96.28906     -2.80    96.28906     -1.90
  96.48438   -43.60   96.48438    17.10   96.48438     -3.20    96.48438     -3.30
  96.67969   -43.60   96.67969    14.80   96.67969     -2.80    96.67969     -2.90
  96.87500   -42.50   96.87500    13.80   96.87500     -2.10    96.87500     -3.30
  97.07031   -43.50   97.07031    10.80   97.07031     -2.90    97.07031     -2.80
  97.26562   -43.50   97.26562     9.60   97.26562     -2.90    97.26562     -3.60
  97.46094   -42.30   97.46094     8.00   97.46094     -2.60    97.46094     -2.50
  97.65625   -37.30   97.65625     8.40   97.65625     -2.20    97.65625     -2.00
  97.85156   -20.40   97.85156    10.60   97.85156     -2.20    97.85156     -1.60
  98.04688    -8.70   98.04688    12.80   98.04688     -2.70    98.04688     -1.80
  98.24219    13.30   98.24219    19.40   98.24219     -2.60    98.24219     -2.20
  98.43750    32.20   98.43750    25.60   98.43750     -3.30    98.43750     -2.30
  98.63281    60.30   98.63281    34.80   98.63281     -4.10    98.63281     -3.00
  98.82812    63.90   98.82812    35.30   98.82812     -3.40    98.82812     -2.90
  99.02344    73.00   99.02344    36.80   99.02344     -3.30    99.02344     -2.40
  99.21875    71.60   99.21875    37.30   99.21875     -4.70    99.21875     -3.30
  99.41406    60.50   99.41406    35.00   99.41406     -4.60    99.41406     -3.80
  99.60938    50.80   99.60938    33.70   99.60938     -4.00    99.60938     -3.80
  99.80469    35.90   99.80469    32.30   99.80469     -3.90    99.80469     -4.00
 100.00000    27.80  100.00000    31.10  100.00000     -3.40   100.00000     -2.80
 100.19531    21.30  100.19531    28.40  100.19531     -2.80   100.19531     -2.30
 100.39062    20.80  100.39062    26.90  100.39062     -1.80   100.39062     -2.70
 100.58594    21.20  100.58594    25.20  100.58594     -3.40   100.58594     -2.30
 100.78125    21.90  100.78125    24.10  100.78125     -3.40   100.78125     -1.60
 100.97656    22.90  100.97656    22.00  100.97656     -3.40   100.97656     -2.10
 101.17188    22.10  101.17188    21.10  101.17188     -3.50   101.17188     -1.70
 101.36719    21.70  101.36719    18.30  101.36719     -3.30   101.36719     -1.80
 101.56250    21.20  101.56250    17.00  101.56250     -3.50   101.56250     -2.70
 101.75781    21.10  101.75781    16.10  101.75781     -3.10   101.75781     -2.20
 101.95312    20.70  101.95312    15.80  101.95312     -3.80   101.95312     -2.50
 102.14844    20.70  102.14844    17.40  102.14844     -3.40   102.14844     -3.00
 102.34375    20.60  102.34375    18.20  102.34375     -1.70   102.34375     -2.60
 102.53906    20.10  102.53906    21.70  102.53906     -2.40   102.53906     -2.30
 102.73438    20.10  102.73438    24.40  102.73438     -2.00   102.73438     -1.90
 102.92969    19.90  102.92969    29.30  102.92969     -2.40   102.92969     -2.20
 103.12500    17.70  103.12500    31.80  103.12500     -2.60   103.12500     -1.60
 103.32031    15.30  103.32031    35.80  103.32031     -2.60   103.32031     -0.60
 103.51562    13.50  103.51562    37.50  103.51562     -2.90   103.51562     -2.20
 103.71094    10.50  103.71094    38.90  103.71094     -2.20   103.71094     -2.30
 103.90625     8.30  103.90625    36.10  103.90625     -2.60   103.90625     -2.80
 104.10156     7.50  104.10156    23.40  104.10156     -2.60   104.10156     -2.70
 104.29688     7.20  104.29688    14.60  104.29688     -2.40   104.29688     -2.70
 104.49219    11.70  104.49219    -1.70  104.49219     -3.10   104.49219     -1.90
 104.68750    16.40  104.68750    -8.20  104.68750     -2.40   104.68750     -3.00
 104.88281    24.90  104.88281   -14.00  104.88281     -2.30   104.88281     -2.10
 105.07812    30.50  105.07812   -18.50  105.07812     -2.40   105.07812     -2.20
 105.27344    36.80  105.27344   -25.50  105.27344     -3.30   105.27344     -2.80
 105.46875    39.90  105.46875   -29.80  105.46875     -2.50   105.46875     -2.50
 105.66406    42.00  105.66406   -33.50  105.66406     -2.70   105.66406     -2.00
 105.85938    40.90  105.85938   -31.10  105.85938     -3.30   105.85938     -2.40
 106.05469    37.30  106.05469   -21.80  106.05469     -2.80   106.05469     -2.20
 106.25000    34.40  106.25000   -16.60  106.25000     -2.60   106.25000     -3.00
 106.44531    30.40  106.44531   -10.80  106.44531     -3.20   106.44531     -2.40
 106.64062    28.90  106.64062   -11.50  106.64062     -3.70   106.64062     -3.00
 106.83594    26.70  106.83594   -20.30  106.83594     -2.50   106.83594     -2.70
 107.03125    25.40  107.03125   -24.90  107.03125     -3.70   107.03125     -2.20
 107.22656    25.10  107.22656   -31.80  107.22656     -2.90   107.22656     -2.10
 107.42188    23.00  107.42188   -33.90  107.42188     -2.90   107.42188     -2.40
 107.61719    21.90  107.61719   -32.80  107.61719     -2.70   107.61719     -2.60
 107.81250    20.50  107.81250   -31.40  107.81250     -2.50   107.81250     -2.30
 108.00781    18.30  108.00781   -30.70  108.00781     -2.90   108.00781     -2.80
 108.20312    17.30  108.20312   -30.60  108.20312     -2.80   108.20312     -3.10
 108.39844    15.50  108.39844   -31.70  108.39844     -2.70   108.39844     -3.30
 108.59375    15.30  108.59375   -31.90  108.59375     -2.80   108.59375     -2.70
 108.78906    15.60  108.78906   -32.80  108.78906     -2.80   108.78906     -3.00
 108.98438    17.70  108.98438   -33.20  108.98438     -3.00   108.98438     -2.80
 109.17969    22.10  109.17969   -33.80  109.17969     -2.60   109.17969     -2.80
 109.37500    26.20  109.37500   -33.80  109.37500     -3.10   109.37500     -1.90
 109.57031    30.90  109.57031   -34.10  109.57031     -2.70   109.57031     -2.60
 109.76562    34.30  109.76562   -34.20  109.76562     -3.20   109.76562     -1.90
 109.96094    37.30  109.96094   -34.90  109.96094     -2.10   109.96094     -2.50
 110.15625    35.30  110.15625   -35.90  110.15625     -2.10   110.15625     -2.90
 110.35156    24.90  110.35156   -36.10  110.35156     -2.80   110.35156     -2.40
 110.54688    16.40  110.54688   -36.70  110.54688     -2.70   110.54688     -3.00
 110.74219     0.20  110.74219   -36.50  110.74219     -2.80   110.74219     -1.20
 110.93750    -7.20  110.93750   -36.20  110.93750     -2.70   110.93750     -0.30
 111.13281   -17.50  111.13281   -34.40  111.13281     -3.40   111.13281     -3.00
 111.32812   -22.70  111.32812   -36.10  111.32812     -3.60   111.32812     -2.50
 111.52344   -32.00  111.52344   -37.80  111.52344     -2.90   111.52344     -2.90
 111.71875   -37.70  111.71875   -37.70  111.71875     -2.90   111.71875     -2.40
 111.91406   -37.30  111.91406   -38.90  111.91406     -2.70   111.91406     -3.00
 112.10938   -33.50  112.10938   -38.90  112.10938     -3.20   112.10938     -3.30
 112.30469   -23.00  112.30469   -39.20  112.30469     -2.10   112.30469     -3.00
 112.50000   -17.20  112.50000   -39.30  112.50000     -2.10   112.50000     -2.10
 112.69531   -13.00  112.69531   -39.70  112.69531     -2.50   112.69531     -2.20
 112.89062   -15.10  112.89062   -40.50  112.89062     -2.80   112.89062     -3.00
 113.08594   -21.50  113.08594   -41.00  113.08594     -2.70   113.08594     -3.10
 113.28125   -24.70  113.28125   -40.80  113.28125     -3.00   113.28125     -2.40
 113.47656   -29.00  113.47656   -40.00  113.47656     -2.60   113.47656     -2.20
 113.67188   -31.20  113.67188   -40.00  113.67188     -2.70   113.67188     -2.80
 113.86719   -32.80  113.86719   -39.90  113.86719     -3.00   113.86719     -2.30
 114.06250   -33.00  114.06250   -39.70  114.06250     -2.60   114.06250     -1.10
 114.25781   -32.50  114.25781   -40.50  114.25781     -2.90   114.25781     -2.50
 114.45312   -33.20  114.45312   -40.30  114.45312     -2.90   114.45312     -1.70
 114.64844   -33.30  114.64844   -41.10  114.64844     -2.40   114.64844     -2.70
 114.84375   -34.80  114.84375   -41.70  114.84375     -2.90   114.84375     -2.60
 115.03906   -35.90  115.03906   -41.90  115.03906     -1.70   115.03906     -3.50
 115.23438   -36.80  115.23438   -42.60  115.23438     -2.70   115.23438     -3.20
 115.42969   -35.90  115.42969   -42.20  115.42969     -2.20   115.42969     -2.60
 115.62500   -36.60  115.62500   -43.20  115.62500     -1.90   115.62500     -2.40
 115.82031   -35.70  115.82031   -44.10  115.82031     -2.50   115.82031     -2.50
 116.01562   -35.90  116.01562   -43.40  116.01562     -2.90   116.01562     -2.60
 116.21094   -35.80  116.21094   -39.00  116.21094     -3.30   116.21094     -2.00
 116.40625   -36.00  116.40625   -30.80  116.40625     -3.00   116.40625     -2.60
 116.60156   -37.90  116.60156   -10.20  116.60156     -3.10   116.60156     -2.70
 116.79688   -38.10  116.79688     4.60  116.79688     -3.20   116.79688     -2.50
 116.99219   -37.50  116.99219    32.80  116.99219     -3.40   116.99219     -2.30
 117.18750   -36.70  117.18750    44.70  117.18750     -2.90   117.18750     -3.20
 117.38281   -36.60  117.38281    63.60  117.38281     -3.10   117.38281     -2.80
 117.57812   -37.60  117.57812    67.20  117.57812     -2.60   117.57812     -2.70
 117.77344   -38.40  117.77344    70.30  117.77344     -3.00   117.77344     -3.10
 117.96875   -40.20  117.96875    62.20  117.96875     -2.80   117.96875     -2.00
 118.16406   -40.70  118.16406    46.40  118.16406     -2.80   118.16406     -1.80
 118.35938   -41.30  118.35938    35.80  118.35938     -2.00   118.35938     -1.60
 118.55469   -41.30  118.55469    22.90  118.55469     -2.00   118.55469     -2.40
 118.75000   -40.90  118.75000    20.00  118.75000     -3.00   118.75000     -2.80
 118.94531   -40.50  118.94531    20.50  118.94531     -3.10   118.94531     -3.50
 119.14062   -41.10  119.14062    21.30  119.14062     -3.30   119.14062     -3.70
 119.33594   -41.90  119.33594    20.70  119.33594     -2.90   119.33594     -3.50
 119.53125   -42.30  119.53125    19.60  119.53125     -3.50   119.53125     -2.00
 119.72656   -42.80  119.72656    18.70  119.72656     -3.20   119.72656     -3.10
 119.92188   -43.20  119.92188    18.80  119.92188     -2.70   119.92188     -3.00
 120.11719   -41.90  120.11719    19.00  120.11719     -2.50   120.11719     -2.30
 120.31250   -42.20  120.31250    18.60  120.31250     -4.10   120.31250     -3.60
 120.50781   -42.80  120.50781    19.00  120.50781     -2.30   120.50781     -2.30
 120.70312   -43.90  120.70312    19.50  120.70312     -3.20   120.70312     -2.70
 120.89844   -43.90  120.89844    19.40  120.89844     -2.50   120.89844     -2.80
 121.09375   -44.70  121.09375    18.70  121.09375     -2.80   121.09375     -2.60
 121.28906   -43.50  121.28906    17.10  121.28906     -2.50   121.28906     -2.10
 121.48438   -43.40  121.48438    16.50  121.48438     -2.30   121.48438     -2.40
 121.67969   -42.50  121.67969    14.40  121.67969     -2.20   121.67969     -2.90
 121.87500   -43.20  121.87500    11.80  121.87500     -2.60   121.87500     -2.40
 122.07031   -43.90  122.07031     9.20  122.07031     -3.00   122.07031     -1.40
 122.26562   -44.30  122.26562     6.90  122.26562     -3.70   122.26562     -3.70
 122.46094   -39.20  122.46094     6.40  122.46094     -3.50   122.46094     -2.70
 122.65625   -31.40  122.65625     8.50  122.65625     -3.40   122.65625     -2.60
 122.85156    -6.40  122.85156    14.00  122.85156     -3.00   122.85156     -3.20
 123.04688     9.40  123.04688    18.60  123.04688     -2.30   123.04688     -2.60
 123.24219    38.10  123.24219    27.20  123.24219     -2.20   123.24219     -2.30
 123.43750    54.00  123.43750    31.30  123.43750     -2.60   123.43750     -2.40
 123.63281    68.30  123.63281    36.40  123.63281     -3.00   123.63281     -2.30
 123.82812    73.40  123.82812    37.30  123.82812     -2.30   123.82812     -2.70
 124.02344    72.00  124.02344    36.70  124.02344     -2.90   124.02344     -2.10
 124.21875    65.20  124.21875    36.10  124.21875     -3.10   124.21875     -1.80
 124.41406    49.00  124.41406    33.40  124.41406     -3.90   124.41406     -2.60
 124.60938    38.70  124.60938    33.00  124.60938     -4.00   124.60938     -3.40
 124.80469    25.40  124.80469    29.70  124.80469     -3.20   124.80469     -3.20
 125.00000    22.80  125.00000    29.70  125.00000     -3.20   125.00000     -2.60
 125.19531    21.50  125.19531    26.90  125.19531     -3.00   125.19531     -2.20
 125.39062    21.00  125.39062    25.60  125.39062     -3.00   125.39062     -2.50
 125.58594    22.00  125.58594    23.50  125.58594     -2.70   125.58594     -2.90
 125.78125    21.80  125.78125    22.10  125.78125     -2.70   125.78125     -3.50
 125.97656    21.60  125.97656    19.90  125.97656     -2.70   125.97656     -2.50
 126.17188    21.80  126.17188    18.50  126.17188     -2.70   126.17188     -2.40
 126.36719    20.90  126.36719    16.30  126.36719     -2.80   126.36719     -2.50
 126.56250    20.60  126.56250    15.40  126.56250     -2.40   126.56250     -2.20
 126.75781    21.00  126.75781    16.10  126.75781     -3.90   126.75781     -1.70
 126.95312    20.20  126.95312    17.40  126.95312     -2.90   126.95312     -2.20
 127.14844    20.80  127.14844    20.00  127.14844     -2.60   127.14844     -1.60
 127.34375    20.10  127.34375    21.70  127.34375     -2.20   127.34375     -2.00
 127.53906    19.30  127.53906    26.30  127.53906     -2.90   127.53906     -2.80
 127.73438    18.50  127.73438    28.40  127.73438     -2.70   127.73438     -2.40
 127.92969    16.50  127.92969    33.80  127.92969     -2.40   127.92969     -1.70
 128.12500    14.80  128.12500    36.00  128.12500     -2.30   128.12500     -1.30
 128.32031    11.80  128.32031    37.70  128.32031     -2.70   128.32031     -1.60
 128.51562    10.60  128.51562    38.30  128.51562     -3.30   128.51562     -1.90
 128.71094     7.80  128.71094    33.40  128.71094     -1.20   128.71094     -2.20
 128.90625     6.30  128.90625    25.50  128.90625     -2.40   128.90625     -1.60
 129.10156     8.80  129.10156     6.20  129.10156     -2.90   129.10156     -3.00
 129.29688    12.10  129.29688    -1.40  129.29688     -2.70   129.29688     -3.50
 129.49219    20.20  129.49219   -10.60  129.49219     -2.80   129.49219     -3.60
 129.68750    26.30  129.68750   -14.00  129.68750     -2.60   129.68750     -2.20
 129.88281    33.50  129.88281   -18.70  129.88281     -3.10   129.88281     -2.80
 130.07812    38.50  130.07812   -23.80  130.07812     -3.10   130.07812     -2.80
 130.27344    41.80  130.27344   -32.30  130.27344     -3.60   130.27344     -2.00
 130.46875    41.60  130.46875   -34.00  130.46875     -3.80   130.46875     -0.80
 130.66406    39.60  130.66406   -27.50  130.66406     -2.60   130.66406     -2.10
 130.85938    37.90  130.85938   -22.40  130.85938     -2.70   130.85938     -1.90
 131.05469    33.50  131.05469   -13.20  131.05469     -2.00   131.05469     -3.10
 131.25000    31.10  131.25000   -10.70  131.25000     -2.10   131.25000     -3.30
 131.44531    27.70  131.44531   -14.30  131.44531     -1.30   131.44531     -1.90
 131.64062    26.00  131.64062   -19.90  131.64062     -2.30   131.64062     -2.80
 131.83594    24.50  131.83594   -27.60  131.83594     -3.00   131.83594     -3.30
 132.03125    24.30  132.03125   -30.70  132.03125     -3.20   132.03125     -3.10
 132.22656    22.40  132.22656   -32.60  132.22656     -3.00   132.22656     -2.80
 132.42188    21.50  132.42188   -32.10  132.42188     -3.30   132.42188     -2.70
 132.61719    19.60  132.61719   -31.40  132.61719     -3.20   132.61719     -2.80
 132.81250    17.80  132.81250   -30.80  132.81250     -4.00   132.81250     -2.60
 133.00781    15.80  133.00781   -31.10  133.00781     -3.30   133.00781     -2.40
 133.20312    15.10  133.20312   -31.90  133.20312     -2.00   133.20312     -1.90
 133.39844    15.40  133.39844   -32.30  133.39844     -3.50   133.39844     -3.00
 133.59375    16.20  133.59375   -33.30  133.59375     -3.00   133.59375     -2.90
 133.78906    19.30  133.78906   -33.40  133.78906     -2.50   133.78906     -2.90
 133.98438    22.30  133.98438   -33.90  133.98438     -3.00   133.98438     -3.10
 134.17969    27.80  134.17969   -33.80  134.17969     -1.80   134.17969     -3.00
 134.37500    30.90  134.37500   -33.40  134.37500     -2.50   134.37500     -2.90
 134.57031    35.50  134.57031   -33.40  134.57031     -2.90   134.57031     -2.70
 134.76562    37.20  134.76562   -34.00  134.76562     -2.10   134.76562     -3.10
 134.96094    35.80  134.96094   -35.20  134.96094     -1.40   134.96094     -2.00
 135.15625    27.40  135.15625   -36.00  135.15625     -2.20   135.15625     -3.00
 135.35156    13.00  135.35156   -36.40  135.35156     -2.40   135.35156     -2.80
 135.54688     2.80  135.54688   -36.40  135.54688     -2.90   135.54688     -1.90
 135.74219    -8.70  135.74219   -34.70  135.74219     -3.60   135.74219     -2.40
 135.93750   -12.40  135.93750   -36.10  135.93750     -1.60   135.93750     -2.30
 136.13281   -22.20  136.13281   -36.90  136.13281     -3.40   136.13281     -2.60
 136.32812   -27.80  136.32812   -36.60  136.32812     -3.20   136.32812     -2.30
 136.52344   -37.50  136.52344   -38.00  136.52344     -3.00   136.52344     -3.00
 136.71875   -37.90  136.71875   -38.00  136.71875     -2.40   136.71875     -2.00
 136.91406   -32.10  136.91406   -37.30  136.91406     -1.90   136.91406     -2.30
 137.10938   -25.60  137.10938   -38.40  137.10938     -2.70   137.10938     -1.90
 137.30469   -16.40  137.30469   -39.00  137.30469     -2.80   137.30469     -1.80
 137.50000   -12.90  137.50000   -39.80  137.50000     -2.80   137.50000     -2.60
 137.69531   -14.20  137.69531   -40.80  137.69531     -2.50   137.69531     -2.40
 137.89062   -17.70  137.89062   -41.10  137.89062     -1.90   137.89062     -1.90
 138.08594   -25.70  138.08594   -40.70  138.08594     -1.80   138.08594     -2.30
 138.28125   -29.40  138.28125   -40.40  138.28125     -1.80   138.28125     -2.60
 138.47656   -32.30  138.47656   -39.70  138.47656     -2.40   138.47656     -1.90
 138.67188   -32.50  138.67188   -39.30  138.67188     -2.90   138.67188     -1.90
 138.86719   -31.40  138.86719   -39.50  138.86719     -2.80   138.86719     -2.80
 139.06250   -32.20  139.06250   -40.70  139.06250     -2.70   139.06250     -2.30
 139.25781   -32.10  139.25781   -40.50  139.25781     -3.90   139.25781     -2.10
 139.45312   -32.30  139.45312   -41.30  139.45312     -3.10   139.45312     -2.20
 139.64844   -34.40  139.64844   -42.30  139.64844     -2.90   139.64844     -2.40
 139.84375   -35.10  139.84375   -43.10  139.84375     -2.50   139.84375     -2.90
 140.03906   -36.30  140.03906   -42.80  140.03906     -1.90   140.03906     -2.30
 140.23438   -36.00  140.23438   -42.60  140.23438     -1.60   140.23438     -2.30
 140.42969   -35.70  140.42969   -43.00  140.42969     -2.10   140.42969     -2.50
 140.62500   -34.90  140.62500   -42.50  140.62500     -2.10   140.62500     -2.20
 140.82031   -34.70  140.82031   -41.80  140.82031     -3.00   140.82031     -1.70
 141.01562   -36.00  141.01562   -40.50  141.01562     -2.60   141.01562     -2.90
 141.21094   -36.40  141.21094   -28.10  141.21094     -3.30   141.21094     -2.40
 141.40625   -37.80  141.40625   -12.50  141.40625     -2.70   141.40625     -2.40
 141.60156   -38.00  141.60156    13.90  141.60156     -2.30   141.60156     -1.60
 141.79688   -37.70  141.79688    25.90  141.79688     -3.30   141.79688     -3.30
 141.99219   -36.80  141.99219    51.00  141.99219     -3.30   141.99219     -2.80
 142.18750   -36.90  142.18750    59.00  142.18750     -2.90   142.18750     -3.30
 142.38281   -37.50  142.38281    69.00  142.38281     -3.10   142.38281     -3.10
 142.57812   -38.50  142.57812    70.30  142.57812     -2.90   142.57812     -2.40
 142.77344   -39.80  142.77344    61.10  142.77344     -2.80   142.77344     -2.30
 142.96875   -41.00  142.96875    48.40  142.96875     -3.20   142.96875     -2.30
 143.16406   -40.90  143.16406    33.10  143.16406     -2.30   143.16406     -2.10
 143.35938   -40.70  143.35938    26.70  143.35938     -3.10   143.35938     -2.70
 143.55469   -40.90  143.55469    21.10  143.55469     -1.80   143.55469     -2.40
 143.75000   -41.00  143.75000    20.30  143.75000     -3.50   143.75000     -2.50
 143.94531   -41.10  143.94531    21.30  143.94531     -3.60   143.94531     -2.60
 144.14062   -41.40  144.14062    21.30  144.14062     -2.60   144.14062     -2.30
 144.33594   -42.30  144.33594    20.30  144.33594     -1.40   144.33594     -2.90
 144.53125   -42.80  144.53125    20.20  144.53125     -1.90   144.53125     -2.40
 144.72656   -43.10  144.72656    19.20  144.72656     -2.50   144.72656     -2.70
 144.92188   -43.10  144.92188    19.00  144.92188     -2.40   144.92188     -3.00
 145.11719   -42.50  145.11719    19.90  145.11719     -2.70   145.11719     -2.90
 145.31250   -42.60  145.31250    18.90  145.31250     -2.80   145.31250     -2.60
 145.50781   -42.90  145.50781    18.70  145.50781     -2.90   145.50781     -3.00
 145.70312   -43.10  145.70312    18.50  145.70312     -2.90   145.70312     -2.20
 145.89844   -44.30  145.89844    18.60  145.89844     -2.80   145.89844     -2.70
 146.09375   -43.90  146.09375    17.40  146.09375     -3.40   146.09375     -2.00
 146.28906   -44.00  146.28906    16.20  146.28906     -2.30   146.28906     -2.00
 146.48438   -43.40  146.48438    14.50  146.48438     -3.00   146.48438     -1.80
 146.67969   -43.00  146.67969    12.30  146.67969     -2.80   146.67969     -2.00
 146.87500   -43.30  146.87500    10.80  146.87500     -3.50   146.87500     -2.50
 147.07031   -43.30  147.07031     8.50  147.07031     -2.10   147.07031     -2.40
 147.26562   -41.10  147.26562     6.40  147.26562     -2.40   147.26562     -3.30
 147.46094   -30.40  147.46094     8.50  147.46094     -2.30   147.46094     -2.50
 147.65625   -16.20  147.65625    11.20  147.65625     -2.80   147.65625     -2.20
 147.85156     7.90  147.85156    17.50  147.85156     -2.40   147.85156     -1.40
 148.04688    24.70  148.04688    22.30  148.04688     -3.40   148.04688     -2.10
 148.24219    50.60  148.24219    30.40  148.24219     -3.20   148.24219     -2.10
 148.43750    63.00  148.43750    33.60  148.43750     -2.80   148.43750     -2.00
 148.63281    71.30  148.63281    37.40  148.63281     -2.60   148.63281     -2.90
 148.82812    74.50  148.82812    37.50  148.82812     -2.90   148.82812     -1.90
 149.02344    68.30  149.02344    36.40  149.02344     -2.20   149.02344     -2.50
 149.21875    57.60  149.21875    34.80  149.21875     -3.00   149.21875     -2.60
 149.41406    38.80  149.41406    33.20  149.41406     -2.10   149.41406     -2.00
 149.60938    30.00  149.60938    32.00  149.60938     -2.80   149.60938     -3.20
 149.80469    23.30  149.80469    29.00  149.80469     -3.10   149.80469     -2.00
 150.00000    22.60  150.00000    28.70  150.00000     -2.50   150.00000     -2.70
 150.19531    22.00  150.19531    25.90  150.19531     -2.50   150.19531     -2.10
 150.39062    22.70  150.39062    25.30  150.39062     -3.20   150.39062     -2.50
 150.58594    23.10  150.58594    22.70  150.58594     -1.90   150.58594     -2.60
 150.78125    22.20  150.78125    20.70  150.78125     -1.60   150.78125     -2.20
 150.97656    21.30  150.97656    19.80  150.97656     -2.50   150.97656     -2.70
 151.17188    20.20  151.17188    18.10  151.17188     -2.80   151.17188     -2.40
 151.36719    20.60  151.36719    16.40  151.36719     -3.20   151.36719     -2.80
 151.56250    20.40  151.56250    16.30  151.56250     -3.00   151.56250     -2.70
 151.75781    21.10  151.75781    17.10  151.75781     -3.70   151.75781     -3.00
 151.95312    21.20  151.95312    17.40  151.95312     -1.90   151.95312     -1.40
 152.14844    20.20  152.14844    19.80  152.14844     -2.20   152.14844     -2.80
 152.34375    20.50  152.34375    22.80  152.34375     -2.80   152.34375     -2.30
 152.53906    18.80  152.53906    26.90  152.53906     -2.60   152.53906     -2.00
 152.73438    18.20  152.73438    29.20  152.73438     -2.40   152.73438      5.60
 152.92969    16.00  152.92969    33.40  152.92969     -3.00   152.92969     -2.70
 153.12500    14.40  153.12500    36.40  153.12500     -3.50   153.12500     -2.90
 153.32031    11.50  153.32031    38.30  153.32031     -2.60   153.32031     -2.40
 153.51562     9.90  153.51562    38.20  153.51562     -2.60   153.51562     -3.10
 153.71094     7.30  153.71094    33.20  153.71094     -2.50   153.71094     -2.30
 153.90625     6.40  153.90625    24.50  153.90625     -2.90   153.90625     -2.10
 154.10156     9.60  154.10156     3.70  154.10156     -2.70   154.10156     -2.60
 154.29688    13.70  154.29688    -3.90  154.29688     -3.10   154.29688     -2.30
 154.49219    21.40  154.49219   -11.10  154.49219     -3.00   154.49219     -2.10
 154.68750    28.70  154.68750   -14.80  154.68750     -2.70   154.68750     -2.20
 154.88281    35.30  154.88281   -20.90  154.88281     -2.50   154.88281     -2.30
 155.07812    39.40  155.07812   -25.90  155.07812     -3.40   155.07812     -3.20
 155.27344    41.00  155.27344   -33.10  155.27344     -2.50   155.27344     -2.50
 155.46875    41.60  155.46875   -33.40  155.46875     -2.60   155.46875     -2.30
 155.66406    38.10  155.66406   -26.70  155.66406     -2.00   155.66406     -2.10
 155.85938    36.60  155.85938   -21.00  155.85938     -2.70   155.85938     -1.80
 156.05469    31.00  156.05469   -11.40  156.05469     -2.70   156.05469     -1.90
 156.25000    29.60  156.25000   -10.20  156.25000     -2.50   156.25000     -1.90
 156.44531    27.10  156.44531   -14.50  156.44531     -2.20   156.44531     -1.60
 156.64062    25.80  156.64062   -20.00  156.64062     -2.50   156.64062     -1.90
 156.83594    25.20  156.83594   -29.20  156.83594     -2.60   156.83594     -2.00
 157.03125    24.20  157.03125   -32.60  157.03125     -2.70   157.03125     -2.00
 157.22656    23.30  157.22656   -33.20  157.22656     -3.00   157.22656     -2.30
 157.42188    21.70  157.42188   -32.50  157.42188     -3.10   157.42188     -2.30
 157.61719    20.10  157.61719   -30.70  157.61719     -3.10   157.61719     -1.90
 157.81250    17.90  157.81250   -31.20  157.81250     -2.70   157.81250     -2.60
 158.00781    16.50  158.00781   -30.50  158.00781     -3.20   158.00781     -3.40
 158.20312    16.00  158.20312   -31.40  158.20312     -2.60   158.20312     -2.60
 158.39844    15.50  158.39844   -32.70  158.39844     -2.20   158.39844     -1.80
 158.59375    16.80  158.59375   -32.90  158.59375     -2.40   158.59375     -2.10
 158.78906    20.40  158.78906   -34.00  158.78906     -2.70   158.78906     -3.00
 158.98438    23.20  158.98438   -34.00  158.98438     -2.30   158.98438     -2.30
 159.17969    28.80  159.17969   -33.20  159.17969     -2.90   159.17969     -2.10
 159.37500    31.60  159.37500   -33.10  159.37500     -2.00   159.37500     -2.20
 159.57031    36.10  159.57031   -34.50  159.57031     -3.10   159.57031     -2.30
 159.76562    37.60  159.76562   -34.90  159.76562     -2.70   159.76562     -2.30
 159.96094    34.90  159.96094   -35.90  159.96094     -3.10   159.96094     -3.20
 160.15625    27.70  160.15625   -36.00  160.15625     -3.00   160.15625     -2.30
 160.35156    12.20  160.35156   -36.10  160.35156     -2.80   160.35156     -2.60
 160.54688     1.80  160.54688   -35.80  160.54688     -3.70   160.54688     -1.00
 160.74219    -9.70  160.74219   -35.70  160.74219     -2.60   160.74219     -1.90
 160.93750   -14.80  160.93750   -35.10  160.93750     -2.40   160.93750     -1.70
 161.13281   -24.10  161.13281   -36.60  161.13281     -2.20   161.13281     -2.10
 161.32812   -29.80  161.32812   -37.90  161.32812     -1.70   161.32812     -1.80
 161.52344   -36.00  161.52344   -38.30  161.52344     -1.80   161.52344     -3.20
 161.71875   -36.90  161.71875   -38.50  161.71875     -1.00   161.71875     -3.30
 161.91406   -31.00  161.91406   -38.80  161.91406     -2.10   161.91406     -2.00
 162.10938   -24.50  162.10938   -38.30  162.10938     -2.00   162.10938     -2.40
 162.30469   -14.40  162.30469   -38.80  162.30469     -2.70   162.30469     -2.10
 162.50000   -11.90  162.50000   -39.30  162.50000     -2.20   162.50000     -2.20
 162.69531   -14.80  162.69531   -39.90  162.69531     -2.70   162.69531     -2.10
 162.89062   -18.90  162.89062   -40.20  162.89062     -2.60   162.89062     -2.00
 163.08594   -24.50  163.08594   -40.30  163.08594     -2.20   163.08594     -1.50
 163.28125   -28.70  163.28125   -40.40  163.28125     -2.50   163.28125     -3.10
 163.47656   -31.10  163.47656   -40.90  163.47656     -2.80   163.47656     -3.30
 163.67188   -32.00  163.67188   -40.60  163.67188     -2.00   163.67188     -2.30
 163.86719   -31.90  163.86719   -40.20  163.86719     -2.80   163.86719     -2.70
 164.06250   -32.10  164.06250   -40.10  164.06250     -2.20   164.06250     -3.10
 164.25781   -32.80  164.25781   -40.60  164.25781     -2.60   164.25781     -2.80
 164.45312   -32.60  164.45312   -41.10  164.45312     -2.70   164.45312     -2.00
 164.64844   -34.30  164.64844   -42.30  164.64844     -2.40   164.64844     -2.20
 164.84375   -34.70  164.84375   -43.10  164.84375     -2.50   164.84375     -2.50
 165.03906   -35.70  165.03906   -43.00  165.03906     -2.80   165.03906     -3.10
 165.23438   -37.00  165.23438   -42.40  165.23438     -3.00   165.23438     -2.80
 165.42969   -35.90  165.42969   -41.70  165.42969     -3.20   165.42969     -2.00
 165.62500   -35.90  165.62500   -42.80  165.62500     -2.90   165.62500     -2.30
 165.82031   -35.60  165.82031   -43.20  165.82031     -3.30   165.82031     -1.90
 166.01562   -35.00  166.01562   -41.00  166.01562     -3.10   166.01562     -2.90
 166.21094   -37.40  166.21094   -32.20  166.21094     -3.40   166.21094     -2.20
 166.40625   -38.30  166.40625   -18.70  166.40625     -3.60   166.40625     -2.60
 166.60156   -38.10  166.60156     6.70  166.60156     -2.80   166.60156     -3.10
 166.79688   -37.20  166.79688    21.20  166.79688     -3.40   166.79688     -2.90
 166.99219   -36.30  166.99219    44.30  166.99219     -2.00   166.99219     -3.50
 167.18750   -36.20  167.18750    56.40  167.18750     -2.50   167.18750     -3.00
 167.38281   -37.20  167.38281    69.20  167.38281     -2.70   167.38281     -3.00
 167.57812   -37.70  167.57812    71.30  167.57812     -2.90   167.57812     -2.50
 167.77344   -39.80  167.77344    63.90  167.77344     -2.70   167.77344     -2.50
 167.96875   -40.70  167.96875    53.50  167.96875     -3.20   167.96875     -3.30
 168.16406   -39.80  168.16406    34.70  168.16406     -3.10   168.16406     -2.60
 168.35938   -41.10  168.35938    26.80  168.35938     -2.60   168.35938     -3.20
 168.55469   -39.90  168.55469    21.10  168.55469     -2.50   168.55469     -2.00
 168.75000   -40.60  168.75000    20.80  168.75000     -2.70   168.75000     -3.00
 168.94531   -41.00  168.94531    20.90  168.94531     -3.50   168.94531     -2.60
 169.14062   -41.40  169.14062    20.80  169.14062     -2.20   169.14062     -1.80
 169.33594   -42.30  169.33594    19.60  169.33594     -2.40   169.33594     -1.80
 169.53125   -42.20  169.53125    18.80  169.53125     -1.90   169.53125     -2.60
 169.72656   -42.10  169.72656    18.40  169.72656     -2.10   169.72656     -1.80
 169.92188   -41.70  169.92188    19.80  169.92188     -2.60   169.92188     -2.50
 170.11719   -42.20  170.11719    19.70  170.11719     -2.70   170.11719     -2.60
 170.31250   -41.60  170.31250    18.90  170.31250     -3.00   170.31250     -3.50
 170.50781   -42.30  170.50781    19.90  170.50781     -3.10   170.50781     -3.10
 170.70312   -42.20  170.70312    20.00  170.70312     -3.30   170.70312     -3.00
 170.89844   -42.70  170.89844    19.00  170.89844     -2.60   170.89844     -3.00
 171.09375   -43.20  171.09375    18.30  171.09375     -1.30   171.09375     -1.20
 171.28906   -42.70  171.28906    16.20  171.28906     -1.70   171.28906     -1.70
 171.48438   -43.80  171.48438    15.80  171.48438     -2.20   171.48438     -2.30
 171.67969   -44.20  171.67969    11.80  171.67969     -2.40   171.67969     -2.40
 171.87500   -43.90  171.87500    10.80  171.87500     -2.50   171.87500     -1.10
 172.07031   -44.20  172.07031     7.10  172.07031     -2.10   172.07031     -1.60
 172.26562   -43.10  172.26562     7.10  172.26562     -1.20   172.26562     -2.40
 172.46094   -34.10  172.46094     7.10  172.46094     -2.80   172.46094     -3.10
 172.65625   -22.20  172.65625    10.20  172.65625     -2.20   172.65625     -2.60
 172.85156     6.70  172.85156    17.20  172.85156     -2.00   172.85156     -2.30
 173.04688    21.00  173.04688    21.20  173.04688     -2.50   173.04688     -2.40
 173.24219    47.60  173.24219    30.40  173.24219     -2.70   173.24219     -2.30
 173.43750    57.90  173.43750    33.80  173.43750     -2.90   173.43750     -3.10
 173.63281    71.90  173.63281    38.00  173.63281     -3.40   173.63281     -3.10
 173.82812    75.30  173.82812    38.70  173.82812     -2.20   173.82812     -1.90
 174.02344    69.00  174.02344    37.40  174.02344     -2.90   174.02344     -2.00
 174.21875    59.70  174.21875    35.90  174.21875     -2.00   174.21875     -2.30
 174.41406    42.30  174.41406    33.30  174.41406     -2.80   174.41406     -2.70
 174.60938    30.50  174.60938    31.20  174.60938     -2.70   174.60938     -2.50
 174.80469    23.30  174.80469    30.00  174.80469     -3.30   174.80469     -2.40
 175.00000    22.20  175.00000    28.00  175.00000     -2.40   175.00000     -3.40
 175.19531    21.80  175.19531    26.50  175.19531     -2.90   175.19531     -2.80
 175.39062    21.50  175.39062    25.90  175.39062     -3.00   175.39062     -2.60
 175.58594    22.50  175.58594    22.10  175.58594     -3.10   175.58594     -2.40
 175.78125    22.30  175.78125    20.50  175.78125     -3.10   175.78125     -2.10
 175.97656    21.50  175.97656    19.90  175.97656     -2.60   175.97656     -2.60
 176.17188    21.10  176.17188    18.10  176.17188     -2.10   176.17188     -2.30
 176.36719    20.70  176.36719    17.40  176.36719     -3.40   176.36719     -2.40
 176.56250    20.10  176.56250    16.30  176.56250     -3.40   176.56250     -1.60
 176.75781    20.90  176.75781    17.10  176.75781     -2.80   176.75781     -2.10
 176.95312    20.90  176.95312    17.50  176.95312     -2.80   176.95312     -1.90
 177.14844    20.70  177.14844    20.10  177.14844     -1.90   177.14844     -3.10
 177.34375    20.30  177.34375    22.40  177.34375     -1.90   177.34375     -2.90
 177.53906    19.30  177.53906    26.30  177.53906     -2.20   177.53906     -3.40
 177.73438    17.80  177.73438    29.10  177.73438     -2.90   177.73438     -2.60
 177.92969    16.10  177.92969    34.10  177.92969     -2.40   177.92969     -2.90
 178.12500    14.90  178.12500    36.70  178.12500     -3.00   178.12500     -3.10
 178.32031    11.70  178.32031    39.50  178.32031     -3.40   178.32031     -3.20
 178.51562     9.40  178.51562    38.30  178.51562     -2.90   178.51562     -2.50
 178.71094     7.30  178.71094    32.60  178.71094     -1.20   178.71094     -2.70
 178.90625     7.00  178.90625    22.50  178.90625     -1.80   178.90625     -2.50
 179.10156     9.30  179.10156     5.20  179.10156     -2.20   179.10156     -2.50
 179.29688    13.10  179.29688    -4.10  179.29688     -2.70   179.29688     -2.50
 179.49219    20.40  179.49219   -11.60  179.49219     -2.60   179.49219     -1.70
 179.68750    27.80  179.68750   -15.60  179.68750     -2.70   179.68750     -2.80
 179.88281    34.90  179.88281   -21.30  179.88281     -2.60   179.88281     -2.50
 180.07812    39.00  180.07812   -26.70  180.07812     -2.70   180.07812     -2.60
 180.27344    42.30  180.27344   -33.70  180.27344     -2.80   180.27344     -1.80
 180.46875    42.00  180.46875   -33.60  180.46875     -3.30   180.46875     -2.20
 180.66406    39.80  180.66406   -27.70  180.66406     -3.30   180.66406     -2.20
 180.85938    37.70  180.85938   -21.90  180.85938     -2.80   180.85938     -2.80
 181.05469    33.50  181.05469   -12.00  181.05469     -3.00   181.05469     -3.60
 181.25000    30.00  181.25000   -10.60  181.25000     -2.40   181.25000     -2.40
 181.44531    27.50  181.44531   -14.50  181.44531     -2.20   181.44531     -2.10
 181.64062    26.20  181.64062   -20.50  181.64062     -2.60   181.64062     -2.90
 181.83594    23.90  181.83594   -28.60  181.83594     -1.10   181.83594     -1.80
 182.03125    23.30  182.03125   -31.60  182.03125     -1.70   182.03125     -2.00
 182.22656    22.50  182.22656   -32.60  182.22656     -2.10   182.22656     -0.90
 182.42188    23.10  182.42188   -32.70  182.42188     -2.60   182.42188     -2.20
 182.61719    20.70  182.61719   -30.40  182.61719     -2.60   182.61719     -1.70
 182.81250    19.60  182.81250   -30.70  182.81250     -3.00   182.81250     -2.10
 183.00781    16.40  183.00781   -31.50  183.00781     -3.90   183.00781     -2.90
 183.20312    16.80  183.20312   -31.50  183.20312     -3.30   183.20312     -2.60
 183.39844    16.10  183.39844   -32.80  183.39844     -2.60   183.39844     -1.80
 183.59375    16.80  183.59375   -33.30  183.59375     -2.10   183.59375     -2.40
 183.78906    20.30  183.78906   -33.60  183.78906     -1.80   183.78906     -2.20
 183.98438    22.50  183.98438   -33.80  183.98438     -2.60   183.98438     -1.90
 184.17969    28.60  184.17969   -33.90  184.17969     -2.60   184.17969     -1.80
 184.37500    31.60  184.37500   -33.50  184.37500     -1.90   184.37500     -1.80
 184.57031    36.30  184.57031   -33.80  184.57031     -2.70   184.57031     -1.40
 184.76562    37.70  184.76562   -34.30  184.76562     -2.20   184.76562     -2.40
 184.96094    35.00  184.96094   -35.80  184.96094     -3.00   184.96094     -3.30
 185.15625    27.00  185.15625   -36.50  185.15625     -3.70   185.15625     -3.50
 185.35156     8.70  185.35156   -36.80  185.35156     -3.00   185.35156     -3.50
 185.54688     0.00  185.54688   -35.90  185.54688     -3.20   185.54688     -3.20
 185.74219   -10.90  185.74219   -35.40  185.74219     -1.90   185.74219     -2.00
 185.93750   -16.10  185.93750   -36.20  185.93750     -2.30   185.93750     -2.40
 186.13281   -27.10  186.13281   -36.50  186.13281     -2.20   186.13281     -2.10
 186.32812   -32.40  186.32812   -37.60  186.32812     -2.40   186.32812     -1.80
 186.52344   -37.70  186.52344   -38.20  186.52344     -2.60   186.52344     -1.30
 186.71875   -37.10  186.71875   -38.40  186.71875     -3.00   186.71875     -1.40
 186.91406   -29.20  186.91406   -38.60  186.91406     -3.50   186.91406     -2.80
 187.10938   -22.80  187.10938   -39.30  187.10938     -3.40   187.10938     -2.90
 187.30469   -13.80  187.30469   -40.10  187.30469     -3.00   187.30469     -2.90
 187.50000   -11.20  187.50000   -39.20  187.50000     -2.70   187.50000     -3.50
 187.69531   -15.40  187.69531   -40.00  187.69531     -1.80   187.69531     -2.70
 187.89062   -19.60  187.89062   -40.10  187.89062     -2.90   187.89062     -3.10
 188.08594   -26.00  188.08594   -40.90  188.08594     -3.10   188.08594     -3.30
 188.28125   -29.50  188.28125   -40.10  188.28125     -2.90   188.28125     -2.70
 188.47656   -31.90  188.47656   -40.20  188.47656     -2.70   188.47656     -2.60
 188.67188   -32.30  188.67188   -40.00  188.67188     -2.10   188.67188     -2.40
 188.86719   -33.00  188.86719   -40.50  188.86719     -2.30   188.86719     -2.40
 189.06250   -34.00  189.06250   -40.30  189.06250     -2.30   189.06250     -2.50
 189.25781   -33.80  189.25781   -41.10  189.25781     -2.70   189.25781     -2.50
 189.45312   -34.30  189.45312   -42.00  189.45312     -2.80   189.45312     -2.50
 189.64844   -33.90  189.64844   -42.20  189.64844     -2.90   189.64844     -1.70
 189.84375   -34.30  189.84375   -42.60  189.84375     -3.30   189.84375     -2.00
 190.03906   -35.60  190.03906   -42.60  190.03906     -3.30   190.03906     -1.70
 190.23438   -36.20  190.23438   -42.80  190.23438     -3.50   190.23438     -2.20
 190.42969   -36.10  190.42969   -42.80  190.42969     -2.50   190.42969     -2.30
 190.62500   -35.10  190.62500   -42.90  190.62500     -2.30   190.62500     -2.80
 190.82031   -35.80  190.82031   -42.50  190.82031     -2.30   190.82031     -2.30
 191.01562   -35.90  191.01562   -41.50  191.01562     -2.40   191.01562     -2.20
 191.21094   -36.70  191.21094   -33.00  191.21094     -2.20   191.21094     -2.60
 191.40625   -37.40  191.40625   -22.30  191.40625     -1.80   191.40625     -2.60
 191.60156   -37.60  191.60156     4.70  191.60156     -2.40   191.60156     -2.20
 191.79688   -37.90  191.79688    22.70  191.79688     -2.20   191.79688     -1.90
 191.99219   -36.90  191.99219    45.60  191.99219     -2.30   191.99219     -3.30
 192.18750   -37.40  192.18750    57.00  192.18750     -3.50   192.18750     -2.90
 192.38281   -37.30  192.38281    68.50  192.38281     -2.90   192.38281     -2.50
 192.57812   -38.50  192.57812    72.40  192.57812     -3.00   192.57812     -2.10
 192.77344   -40.50  192.77344    66.80  192.77344     -2.80   192.77344     -1.70
 192.96875   -41.20  192.96875    57.00  192.96875     -3.10   192.96875     -2.70
 193.16406   -42.40  193.16406    37.90  193.16406     -3.10   193.16406     -3.10
 193.35938   -41.20  193.35938    27.10  193.35938     -3.30   193.35938     -2.40
 193.55469   -40.50  193.55469    22.10  193.55469     -3.00   193.55469     -2.40
 193.75000   -40.60  193.75000    20.80  193.75000     -2.60   193.75000     -1.50
 193.94531   -40.00  193.94531    20.90  193.94531     -2.50   193.94531     -2.20
 194.14062   -40.30  194.14062    21.20  194.14062     -2.60   194.14062     -2.10
 194.33594   -40.60  194.33594    20.70  194.33594     -2.10   194.33594     -2.60
 194.53125   -42.00  194.53125    20.10  194.53125     -1.40   194.53125     -2.10
 194.72656   -42.50  194.72656    20.10  194.72656     -2.50   194.72656     -1.30
 194.92188   -42.90  194.92188    20.40  194.92188     -2.20   194.92188     -2.00
 195.11719   -42.60  195.11719    20.00  195.11719     -2.20   195.11719     -2.20
 195.31250   -41.80  195.31250    20.00  195.31250     -2.10   195.31250     -1.80
 195.50781   -42.00  195.50781    20.00  195.50781     -2.20   195.50781     -2.10
 195.70312   -42.10  195.70312    19.60  195.70312     -2.60   195.70312     -3.10
 195.89844   -43.50  195.89844    18.90  195.89844     -1.70   195.89844     -2.40
 196.09375   -44.30  196.09375    18.20  196.09375     -2.20   196.09375     -3.80
 196.28906   -44.10  196.28906    16.30  196.28906     -2.50   196.28906     -3.00
 196.48438   -43.80  196.48438    15.70  196.48438     -3.00   196.48438     -3.10
 196.67969   -44.50  196.67969    13.30  196.67969     -2.90   196.67969     -2.80
 196.87500   -44.50  196.87500    10.70  196.87500     -3.10   196.87500     -2.30
 197.07031   -62.30  197.07031    -9.50  197.07031    -20.40   197.07031    -19.80
 197.26562   -61.50  197.26562    -9.60  197.26562    -20.60   197.26562    -19.30
 197.46094   -50.30  197.46094    -9.60  197.46094    -20.10   197.46094    -19.40
 197.65625   -36.40  197.65625    -6.20  197.65625    -19.10   197.65625    -20.20
 197.85156    -9.80  197.85156     0.90  197.85156    -19.70   197.85156    -19.70
 198.04688     1.50  198.04688     4.80  198.04688    -18.80   198.04688    -18.20
 198.24219    45.30  198.24219    30.70  198.24219     -1.70   198.24219     -1.20
 198.43750    57.10  198.43750    32.70  198.43750     -2.10   198.43750     -2.90
 198.63281    73.30  198.63281    38.00  198.63281     -2.50   198.63281     -2.60
 198.82812    77.10  198.82812    38.30  198.82812     -2.80   198.82812     -3.20
 199.02344    72.90  199.02344    38.30  199.02344     -2.70   199.02344     -2.30
 199.21875    62.30  199.21875    37.00  199.21875     -2.20   199.21875     -2.60
 199.41406    43.90  199.41406    34.80  199.41406     -1.40   199.41406     -2.90
 199.60938    32.60  199.60938    32.60  199.60938     -1.90   199.60938     -3.00
 199.80469    21.20  199.80469    29.80  199.80469     -2.60   199.80469     -3.00
