   0.00000    23.40    0.00000    21.40    0.00000     -4.90     0.00000     -4.50
   0.19531    38.60    0.19531    26.90    0.19531      1.60     0.19531      1.80
   0.39062    29.10    0.39062    22.50    0.39062     -2.30     0.39062     -2.40
   0.58594    22.80    0.58594    21.40    0.58594     -3.10     0.58594     -2.20
   0.78125    22.60    0.78125    21.40    0.78125     -2.90     0.78125     -2.50
   0.97656    23.90    0.97656    20.40    0.97656     -3.30     0.97656     -2.20
   1.17188    24.20    1.17188    20.20    1.17188     -3.80     1.17188     -2.60
   1.36719    23.40    1.36719    19.80    1.36719     -3.50     1.36719     -3.20
   1.56250    23.10    1.56250    20.50    1.56250     -3.30     1.56250     -2.10
   1.75781    22.60    1.75781    20.20    1.75781     -3.10     1.75781     -3.40
   1.95312    21.70    1.95312    20.30    1.95312     -2.80     1.95312     -2.20
   2.14844    21.30    2.14844    20.40    2.14844     -2.90     2.14844     -3.10
   2.34375    21.40    2.34375    19.40    2.34375     -2.30     2.34375     -2.40
   2.53906    22.00    2.53906    18.60    2.53906     -2.90     2.53906     -2.10
   2.73438    22.00    2.73438    18.20    2.73438     -3.20     2.73438     -3.30
   2.92969    21.70    2.92969    14.70    2.92969     -3.00     2.92969     -3.20
   3.12500    21.30    3.12500    16.50    3.12500     -2.80     3.12500     -3.10
   3.32031    19.60    3.32031    12.70    3.32031     -2.70     3.32031     -2.50
   3.51562    19.00    3.51562    12.40    3.51562     -2.20     3.51562     -1.70
   3.71094    17.30    3.71094    10.80    3.71094     -1.80     3.71094     -3.00
   3.90625    15.80    3.90625    11.40    3.90625     -3.10     3.90625     -3.40
   4.10156    13.90    4.10156    16.10    4.10156     -2.80     4.10156     -2.10
   4.29688    13.20    4.29688    18.80    4.29688     -2.40     4.29688     -1.60
   4.49219    10.70    4.49219    27.00    4.49219     -2.90     4.49219     -2.00
   4.68750    10.20    4.68750    31.00    4.68750     -2.50     4.68750     -2.30
   4.88281    12.60    4.88281    36.00    4.88281     -3.20     4.88281     -2.70
   5.07812    14.60    5.07812    36.10    5.07812     -3.20     5.07812     -3.40
   5.27344    21.60    5.27344    36.30    5.27344     -2.90     5.27344     -2.30
   5.46875    26.30    5.46875    35.30    5.46875     -3.40     5.46875     -2.80
   5.66406    34.50    5.66406    33.30    5.66406     -2.90     5.66406     -3.50
   5.85938    36.70    5.85938    32.80    5.85938     -1.80     5.85938     -3.10
   6.05469    39.70    6.05469    30.60    6.05469     -2.80     6.05469     -2.60
   6.25000    39.60    6.25000    28.90    6.25000     -3.00     6.25000     -2.50
   6.44531    38.10    6.44531    26.80    6.44531     -3.10     6.44531     -2.10
   6.64062    36.70    6.64062    25.80    6.64062     -3.00     6.64062     -3.00
   6.83594    33.80    6.83594    24.30    6.83594     -2.70     6.83594     -2.60
   7.03125    32.20    7.03125    24.90    7.03125     -3.60     7.03125     -2.40
   7.22656    28.90    7.22656    21.20    7.22656     -2.80     7.22656     -2.80
   7.42188    28.00    7.42188    20.30    7.42188     -2.40     7.42188     -1.20
   7.61719    25.10    7.61719    19.40    7.61719     -2.30     7.61719     -1.70
   7.81250    24.70    7.81250    19.50    7.81250     -2.80     7.81250     -2.10
   8.00781    23.30    8.00781    19.80    8.00781     -2.80     8.00781     -2.70
   8.20312    23.50    8.20312    19.90    8.20312     -3.00     8.20312     -2.30
   8.39844    22.00    8.39844    22.60    8.39844     -2.20     8.39844     -1.00
   8.59375    21.10    8.59375    23.40    8.59375     -2.40     8.59375     -2.00
   8.78906    19.60    8.78906    27.20    8.78906     -3.00     8.78906     -2.80
   8.98438    19.90    8.98438    29.40    8.98438     -3.00     8.98438     -3.00
   9.17969    19.10    9.17969    32.90    9.17969     -3.60     9.17969     -1.80
   9.37500    20.20    9.37500    34.60    9.37500     -3.60     9.37500     -2.00
   9.57031    23.00    9.57031    36.20    9.57031     -3.20     9.57031     -2.90
   9.76562    24.10    9.76562    35.00    9.76562     -3.00     9.76562     -2.60
   9.96094    28.20    9.96094    24.30    9.96094     -2.70     9.96094     -3.00
  10.15625    31.10   10.15625    14.30   10.15625     -2.80    10.15625     -3.20
  10.35156    34.70   10.35156    -2.60   10.35156     -2.10    10.35156     -2.20
  10.54688    33.70   10.54688    -6.50   10.54688     -2.10    10.54688     -3.80
  10.74219    26.10   10.74219   -14.70   10.74219     -2.20    10.74219     -3.40
  10.93750    17.40   10.93750   -19.70   10.93750     -2.00    10.93750     -2.10
  11.13281    -1.90   11.13281   -29.40   11.13281     -2.80    11.13281     -2.20
  11.32812    -5.30   11.32812   -32.80   11.32812     -2.30    11.32812     -2.20
  11.52344   -15.60   11.52344   -34.60   11.52344     -3.10    11.52344     -1.90
  11.71875   -23.20   11.71875   -31.00   11.71875     -3.00    11.71875     -1.90
  11.91406   -32.80   11.91406   -20.90   11.91406     -3.30    11.91406     -2.20
  12.10938   -35.90   12.10938   -16.00   12.10938     -2.90    12.10938     -2.90
  12.30469   -38.00   12.30469   -11.30   12.30469     -3.80    12.30469     -2.20
  12.50000   -33.70   12.50000   -13.60   12.50000     -3.00    12.50000     -3.30
  12.69531   -23.80   12.69531   -22.00   12.69531     -3.20    12.69531     -2.50
  12.89062   -17.80   12.89062   -26.20   12.89062     -2.70    12.89062     -2.00
  13.08594   -12.50   13.08594   -31.70   13.08594     -3.10    13.08594     -2.50
  13.28125   -14.50   13.28125   -32.70   13.28125     -2.60    13.28125     -3.10
  13.47656   -21.10   13.47656   -32.50   13.47656     -2.60    13.47656     -2.90
  13.67188   -24.80   13.67188   -31.20   13.67188     -2.50    13.67188     -2.00
  13.86719   -29.10   13.86719   -31.20   13.86719     -3.10    13.86719     -2.60
  14.06250   -31.40   14.06250   -30.80   14.06250     -2.90    14.06250     -3.20
  14.25781   -33.30   14.25781   -31.00   14.25781     -2.50    14.25781     -3.60
  14.45312   -33.40   14.45312   -31.90   14.45312     -3.40    14.45312     -1.80
  14.64844   -34.10   14.64844   -32.70   14.64844     -3.10    14.64844     -2.20
  14.84375   -33.70   14.84375   -33.70   14.84375     -2.70    14.84375     -2.50
  15.03906   -33.70   15.03906   -33.80   15.03906     -2.80    15.03906     -3.20
  15.23438   -34.40   15.23438   -34.00   15.23438     -2.30    15.23438     -2.60
  15.42969   -35.90   15.42969   -33.60   15.42969     -2.90    15.42969     -3.30
  15.62500   -36.10   15.62500   -34.40   15.62500     -3.30    15.62500      0.50
  15.82031   -36.10   15.82031   -35.30   15.82031     -1.60    15.82031     -2.60
  16.01562   -35.80   16.01562   -36.10   16.01562     -2.40    16.01562     -2.40
  16.21094   -35.80   16.21094   -36.20   16.21094     -3.70    16.21094     -2.80
  16.40625   -36.00   16.40625   -37.40   16.40625     -2.90    16.40625     -2.30
  16.60156   -36.90   16.60156   -37.20   16.60156     -3.70    16.60156     -2.80
  16.79688   -37.10   16.79688   -36.60   16.79688     -4.00    16.79688     -2.80
  16.99219   -37.70   16.99219   -36.80   16.99219     -3.80    16.99219     -2.30
  17.18750   -38.00   17.18750   -37.30   17.18750     -2.90    17.18750     -2.50
  17.38281   -38.10   17.38281   -38.80   17.38281     -2.00    17.38281     -2.80
  17.57812   -37.10   17.57812   -38.90   17.57812     -2.80    17.57812     -2.90
  17.77344   -37.30   17.77344   -39.40   17.77344     -2.30    17.77344     -2.60
  17.96875   -37.20   17.96875   -38.80   17.96875     -2.50    17.96875     -2.50
  18.16406   -38.90   18.16406   -39.00   18.16406     -3.10    18.16406     -2.50
  18.35938   -39.70   18.35938   -39.30   18.35938     -2.00    18.35938     -2.10
  18.55469   -40.70   18.55469   -41.20   18.55469     -3.20    18.55469     -3.20
  18.75000   -40.60   18.75000   -41.40   18.75000     -2.50    18.75000     -3.30
  18.94531   -40.60   18.94531   -42.00   18.94531     -2.00    18.94531     -1.90
  19.14062   -41.00   19.14062   -42.30   19.14062     -3.00    19.14062     -2.70
  19.33594   -40.80   19.33594   -41.50   19.33594     -2.40    19.33594     -2.40
  19.53125   -41.60   19.53125   -41.40   19.53125     -3.30    19.53125     -3.50
  19.72656   -41.90   19.72656   -41.20   19.72656     -2.90    19.72656     -2.50
  19.92188   -42.50   19.92188   -40.30   19.92188     -2.40    19.92188     -2.90
  20.11719   -43.20   20.11719   -41.50   20.11719     -2.90    20.11719     -2.80
  20.31250   -43.50   20.31250   -41.40   20.31250     -3.00    20.31250     -2.00
  20.50781   -43.20   20.50781   -41.90   20.50781     -2.30    20.50781     -3.00
  20.70312   -42.70   20.70312   -42.10   20.70312     -2.00    20.70312     -3.80
  20.89844   -43.40   20.89844   -42.00   20.89844     -1.40    20.89844     -3.00
  21.09375   -43.80   21.09375   -42.20   21.09375     -2.30    21.09375     -3.10
  21.28906   -43.50   21.28906   -42.60   21.28906     -3.20    21.28906     -2.00
  21.48438   -43.50   21.48438   -43.10   21.48438     -3.20    21.48438     -3.40
  21.67969   -44.10   21.67969   -43.80   21.67969     -4.00    21.67969     -3.20
  21.87500   -44.10   21.87500   -43.70   21.87500     -4.40    21.87500     -3.20
  22.07031   -44.00   22.07031   -40.70   22.07031     -4.10    22.07031     -2.40
  22.26562   -44.20   22.26562   -37.00   22.26562     -3.70    22.26562     -2.80
  22.46094   -44.30   22.46094   -21.20   22.46094     -3.50    22.46094     -3.30
  22.65625   -44.40   22.65625    -6.10   22.65625     -3.20    22.65625     -3.00
  22.85156   -41.00   22.85156    23.70   22.85156     -2.40    22.85156     -2.50
  23.04688   -36.90   23.04688    34.70   23.04688     -1.90    23.04688     -3.30
  23.24219   -16.30   23.24219    55.80   23.24219     -2.50    23.24219     -2.50
  23.43750    -2.60   23.43750    63.20   23.43750     -2.30    23.43750     -3.10
  23.63281    30.90   23.63281    69.20   23.63281     -2.70    23.63281     -2.60
  23.82812    41.20   23.82812    68.10   23.82812     -2.40    23.82812     -2.40
  24.02344    61.90   24.02344    53.80   24.02344     -2.50    24.02344     -2.60
  24.21875    69.90   24.21875    44.10   24.21875     -2.20    24.21875     -2.80
  24.41406    73.60   24.41406    28.30   24.41406     -3.00    24.41406     -2.80
  24.60938    72.20   24.60938    25.10   24.60938     -2.00    24.60938     -3.30
  24.80469    57.40   24.80469    22.30   24.80469     -2.50    24.80469     -3.00
  25.00000    44.40   25.00000    22.10   25.00000     -2.60    25.00000     -2.40
  25.19531    28.00   25.19531    22.10   25.19531     -1.80    25.19531     -3.20
  25.39062    25.10   25.39062    22.50   25.39062     -2.40    25.39062     -2.90
  25.58594    23.00   25.58594    21.20   25.58594     -2.30    25.58594     -2.90
  25.78125    22.60   25.78125    21.00   25.78125     -2.70    25.78125     -3.20
  25.97656    23.40   25.97656    20.50   25.97656     -2.90    25.97656     -3.40
  26.17188    23.20   26.17188    21.30   26.17188     -3.10    26.17188     -2.20
  26.36719    22.80   26.36719    20.90   26.36719     -3.10    26.36719     -2.10
  26.56250    22.80   26.56250    21.80   26.56250     -2.50    26.56250     -2.40
  26.75781    22.10   26.75781    19.70   26.75781     -2.50    26.75781     -2.30
  26.95312    22.00   26.95312    20.00   26.95312     -2.40    26.95312     -3.00
  27.14844    21.80   27.14844    18.70   27.14844     -3.00    27.14844     -3.40
  27.34375    21.80   27.34375    18.00   27.34375     -2.60    27.34375     -3.00
  27.53906    22.70   27.53906    17.20   27.53906     -3.00    27.53906     -3.70
  27.73438    22.00   27.73438    17.50   27.73438     -3.50    27.73438     -3.30
  27.92969    21.40   27.92969    14.00   27.92969     -3.00    27.92969     -3.80
  28.12500    20.50   28.12500    13.40   28.12500     -3.10    28.12500     -2.90
  28.32031    19.10   28.32031    11.00   28.32031     -2.90    28.32031     -1.80
  28.51562    18.80   28.51562    11.20   28.51562     -2.90    28.51562     -2.40
  28.71094    16.50   28.71094    12.70   28.71094     -2.60    28.71094     -2.10
  28.90625    15.50   28.90625    13.40   28.90625     -2.60    28.90625     -3.40
  29.10156    13.20   29.10156    19.40   29.10156     -3.30    29.10156     -2.10
  29.29688    11.50   29.29688    22.30   29.29688     -2.60    29.29688     -3.30
  29.49219    10.60   29.49219    29.10   29.49219     -2.70    29.49219     -2.80
  29.68750    10.90   29.68750    32.80   29.68750     -2.40    29.68750     -2.20
  29.88281    14.30   29.88281    37.00   29.88281     -2.90    29.88281     -2.70
  30.07812    16.50   30.07812    38.20   30.07812     -2.50    30.07812     -2.30
  30.27344    24.50   30.27344    36.20   30.27344     -3.20    30.27344     -2.40
  30.46875    29.50   30.46875    35.10   30.46875     -3.60    30.46875     -2.70
  30.66406    36.70   30.66406    32.40   30.66406     -3.40    30.66406     -3.40
  30.85938    38.30   30.85938    31.40   30.85938     -3.00    30.85938     -3.00
  31.05469    39.60   31.05469    29.50   31.05469     -2.60    31.05469     -2.50
  31.25000    38.70   31.25000    28.10   31.25000     -3.70    31.25000     -3.00
  31.44531    35.80   31.44531    26.20   31.44531     -2.80    31.44531     -1.80
  31.64062    34.40   31.64062    25.80   31.64062     -2.90    31.64062     -2.80
  31.83594    31.20   31.83594    23.20   31.83594     -2.80    31.83594     -1.60
  32.03125    29.00   32.03125    22.10   32.03125     -2.40    32.03125     -2.60
  32.22656    27.20   32.22656    20.00   32.22656     -3.00    32.22656     -3.30
  32.42188    26.60   32.42188    19.50   32.42188     -3.10    32.42188     -3.00
  32.61719    25.30   32.61719    19.10   32.61719     -2.40    32.61719     -2.50
  32.81250    24.80   32.81250    18.50   32.81250     -3.70    32.81250     -3.00
  33.00781    23.30   33.00781    20.00   33.00781     -2.90    33.00781     -2.20
  33.20312    22.30   33.20312    20.80   33.20312     -3.30    33.20312     -2.90
  33.39844    20.10   33.39844    24.00   33.39844     -2.80    33.39844     -2.60
  33.59375    19.90   33.59375    25.20   33.59375     -3.60    33.59375     -3.20
  33.78906    18.30   33.78906    29.70   33.78906     -1.80    33.78906     -2.80
  33.98438    18.40   33.98438    31.20   33.98438     -2.80    33.98438     -2.70
  34.17969    19.40   34.17969    35.30   34.17969     -2.30    34.17969     -2.70
  34.37500    21.10   34.37500    35.70   34.37500     -2.30    34.37500     -2.50
  34.57031    25.80   34.57031    32.60   34.57031     -2.50    34.57031     -2.40
  34.76562    27.10   34.76562    27.80   34.76562     -2.20    34.76562     -2.50
  34.96094    31.70   34.96094    10.10   34.96094     -2.50    34.96094     -2.60
  35.15625    33.30   35.15625     3.00   35.15625     -3.00    35.15625     -2.30
  35.35156    32.40   35.35156   -10.00   35.35156     -2.50    35.35156     -2.40
  35.54688    28.20   35.54688   -13.30   35.54688     -3.00    35.54688     -3.10
  35.74219    14.50   35.74219   -20.60   35.74219     -2.80    35.74219     -2.50
  35.93750     2.80   35.93750   -26.10   35.93750     -3.00    35.93750     -2.90
  36.13281   -10.30   36.13281   -34.20   36.13281     -3.00    36.13281     -3.10
  36.32812   -14.50   36.32812   -35.10   36.32812     -2.50    36.32812     -2.70
  36.52344   -23.80   36.52344   -29.10   36.52344     -2.30    36.52344     -3.60
  36.71875   -31.30   36.71875   -23.70   36.71875     -2.80    36.71875     -2.00
  36.91406   -37.80   36.91406   -14.00   36.91406     -2.40    36.91406     -2.20
  37.10938   -38.30   37.10938   -11.40   37.10938     -2.00    37.10938     -3.30
  37.30469   -31.80   37.30469   -15.50   37.30469     -1.80    37.30469     -2.00
  37.50000   -26.20   37.50000   -18.70   37.50000     -2.30    37.50000     -1.70
  37.69531   -16.20   37.69531   -27.60   37.69531     -3.40    37.69531     -2.60
  37.89062   -14.50   37.89062   -30.30   37.89062     -3.10    37.89062     -2.80
  38.08594   -17.00   38.08594   -33.30   38.08594     -2.70    38.08594     -3.00
  38.28125   -20.10   38.28125   -32.80   38.28125     -3.00    38.28125     -2.30
  38.47656   -26.90   38.47656   -31.90   38.47656     -2.40    38.47656     -2.60
  38.67188   -28.90   38.67188   -32.20   38.67188     -2.80    38.67188     -3.20
  38.86719   -32.00   38.86719   -31.30   38.86719     -2.80    38.86719     -2.60
  39.06250   -32.50   39.06250   -32.00   39.06250     -2.20    39.06250     -2.40
  39.25781   -33.40   39.25781   -31.50   39.25781     -2.60    39.25781     -2.80
  39.45312   -33.70   39.45312   -32.50   39.45312     -2.70    39.45312     -2.30
  39.64844   -33.90   39.64844   -33.20   39.64844     -2.90    39.64844     -3.00
  39.84375   -33.80   39.84375   -34.10   39.84375     -3.30    39.84375     -2.70
  40.03906   -34.70   40.03906   -34.00   40.03906     -3.50    40.03906     -3.60
  40.23438   -34.90   40.23438   -34.00   40.23438     -3.20    40.23438     -2.90
  40.42969   -36.00   40.42969   -33.70   40.42969     -3.40    40.42969     -2.80
  40.62500   -35.70   40.62500   -35.20   40.62500     -2.70    40.62500     -2.50
  40.82031   -36.20   40.82031   -37.20   40.82031     -2.70    40.82031     -2.40
  41.01562   -35.60   41.01562   -37.40   41.01562     -2.80    41.01562     -2.60
  41.21094   -36.40   41.21094   -37.60   41.21094     -2.80    41.21094     -2.50
  41.40625   -36.10   41.40625   -37.70   41.40625     -3.00    41.40625     -3.40
  41.60156   -37.70   41.60156   -36.90   41.60156     -3.50    41.60156     -3.20
  41.79688   -38.00   41.79688   -37.30   41.79688     -3.30    41.79688     -2.50
  41.99219   -38.00   41.99219   -37.20   41.99219     -2.90    41.99219     -4.20
  42.18750   -37.40   42.18750   -37.50   42.18750     -2.40    42.18750     -2.40
  42.38281   -36.70   42.38281   -37.80   42.38281     -2.30    42.38281     -2.80
  42.57812   -37.30   42.57812   -38.10   42.57812     -2.20    42.57812     -2.90
  42.77344   -37.30   42.77344   -38.70   42.77344     -2.30    42.77344     -2.90
  42.96875   -38.30   42.96875   -38.90   42.96875     -2.90    42.96875     -3.00
  43.16406   -40.70   43.16406   -40.20   43.16406     -2.60    43.16406     -2.20
  43.35938   -41.00   43.35938   -39.60   43.35938     -2.90    43.35938     -1.90
  43.55469   -41.90   43.55469   -40.80   43.55469     -2.30    43.55469     -3.10
  43.75000   -41.50   43.75000   -41.80   43.75000     -2.30    43.75000     -3.30
  43.94531   -40.90   43.94531   -42.10   43.94531     -2.60    43.94531     -3.30
  44.14062   -41.30   44.14062   -41.50   44.14062     -3.70    44.14062     -3.10
  44.33594   -41.70   44.33594   -41.00   44.33594     -3.80    44.33594     -2.50
  44.53125   -42.50   44.53125   -41.10   44.53125     -3.50    44.53125     -2.30
  44.72656   -42.50   44.72656   -40.70   44.72656     -3.00    44.72656     -2.50
  44.92188   -43.20   44.92188   -40.90   44.92188     -3.30    44.92188     -2.00
  45.11719   -42.90   45.11719   -41.20   45.11719     -2.90    45.11719     -3.10
  45.31250   -43.30   45.31250   -41.20   45.31250     -3.00    45.31250     -2.70
  45.50781   -42.50   45.50781   -42.10   45.50781     -3.30    45.50781     -2.70
  45.70312   -43.20   45.70312   -42.20   45.70312     -3.00    45.70312     -3.10
  45.89844   -43.80   45.89844   -42.60   45.89844     -2.70    45.89844     -2.50
  46.09375   -43.70   46.09375   -43.60   46.09375     -1.90    46.09375     -2.50
  46.28906   -43.90   46.28906   -43.30   46.28906     -2.70    46.28906     -2.20
  46.48438   -44.20   46.48438   -43.40   46.48438     -3.00    46.48438     -2.60
  46.67969   -44.70   46.67969   -43.40   46.67969     -2.60    46.67969     -1.40
  46.87500   -44.80   46.87500   -42.40   46.87500     -2.90    46.87500     -1.50
  47.07031   -44.60   47.07031   -34.60   47.07031     -2.80    47.07031     -2.00
  47.26562   -44.50   47.26562   -27.30   47.26562     -3.20    47.26562     -2.30
  47.46094   -44.00   47.46094    -0.70   47.46094     -2.90    47.46094     -2.80
  47.65625   -42.70   47.65625    14.50   47.65625     -2.40    47.65625     -2.80
  47.85156   -35.10   47.85156    41.70   47.85156     -2.50    47.85156     -3.40
  48.04688   -28.70   48.04688    50.40   48.04688     -2.60    48.04688     -2.90
  48.24219    -4.90   48.24219    64.70   48.24219     -2.10    48.24219     -2.70
  48.43750    15.40   48.43750    69.80   48.43750     -2.60    48.43750     -2.70
  48.63281    40.30   48.63281    65.70   48.63281     -3.10    48.63281     -3.60
  48.82812    52.80   48.82812    60.20   48.82812     -2.60    48.82812     -3.50
  49.02344    68.40   49.02344    40.40   49.02344     -2.40    49.02344     -4.00
  49.21875    73.90   49.21875    33.10   49.21875     -1.40    49.21875     -1.20
  49.41406    71.00   49.41406    23.00   49.41406     -2.70    49.41406     -2.60
  49.60938    64.70   49.60938    22.40   49.60938     -3.00    49.60938     -2.40
  49.80469    47.00   49.80469    22.60   49.80469     -3.40    49.80469     -2.70
  50.00000    36.90   50.00000    22.20   50.00000     -3.50    50.00000     -2.20
  50.19531    25.70   50.19531    22.30   50.19531     -3.50    50.19531     -2.90
  50.39062    23.90   50.39062    21.90   50.39062     -3.30    50.39062     -3.20
  50.58594    22.60   50.58594    21.50   50.58594     -3.50    50.58594     -3.20
  50.78125    23.50   50.78125    20.70   50.78125     -3.50    50.78125     -2.80
  50.97656    24.30   50.97656    21.00   50.97656     -3.00    50.97656     -3.40
  51.17188    23.90   51.17188    20.30   51.17188     -2.50    51.17188     -3.20
  51.36719    22.70   51.36719    20.90   51.36719     -2.00    51.36719     -2.70
  51.56250    22.60   51.56250    20.90   51.56250     -3.10    51.56250     -3.00
  51.75781    21.30   51.75781    20.10   51.75781     -2.70    51.75781     -3.30
  51.95312    21.70   51.95312    19.90   51.95312     -2.40    51.95312     -3.10
  52.14844    21.40   52.14844    18.90   52.14844     -2.70    52.14844     -2.50
  52.34375    21.10   52.34375    18.30   52.34375     -2.60    52.34375     -3.00
  52.53906    21.40   52.53906    16.60   52.53906     -2.40    52.53906     -2.70
  52.73438    21.20   52.73438    15.60   52.73438     -2.60    52.73438     -1.90
  52.92969    20.80   52.92969    13.20   52.92969     -2.50    52.92969     -1.50
  53.12500    20.30   53.12500    12.50   53.12500     -2.60    53.12500     -1.80
  53.32031    19.40   53.32031    11.50   53.32031     -2.50    53.32031     -2.30
  53.51562    18.30   53.51562    11.10   53.51562     -3.00    53.51562     -2.10
  53.71094    14.80   53.71094    15.80   53.71094     -3.10    53.71094     -3.30
  53.90625    13.70   53.90625    16.60   53.90625     -3.20    53.90625     -3.20
  54.10156    12.20   54.10156    21.90   54.10156     -2.00    54.10156     -2.00
  54.29688    11.10   54.29688    27.40   54.29688     -2.50    54.29688     -2.00
  54.49219    10.20   54.49219    33.50   54.49219     -3.20    54.49219     -2.20
  54.68750    11.70   54.68750    36.00   54.68750     -3.60    54.68750     -2.20
  54.88281    15.20   54.88281    36.90   54.88281     -3.70    54.88281     -3.40
  55.07812    18.40   55.07812    36.20   55.07812     -4.10    55.07812     -2.50
  55.27344    26.40   55.27344    34.00   55.27344     -3.40    55.27344     -3.00
  55.46875    30.50   55.46875    33.60   55.46875     -3.20    55.46875     -3.70
  55.66406    36.60   55.66406    31.80   55.66406     -3.50    55.66406     -2.50
  55.85938    38.80   55.85938    30.70   55.85938     -2.90    55.85938     -1.90
  56.05469    39.20   56.05469    28.10   56.05469     -2.80    56.05469     -2.90
  56.25000    38.80   56.25000    28.30   56.25000     -2.80    56.25000     -2.60
  56.44531    36.90   56.44531    26.20   56.44531     -2.60    56.44531     -2.00
  56.64062    34.00   56.64062    24.80   56.64062     -2.20    56.64062     -3.10
  56.83594    31.90   56.83594    22.80   56.83594     -2.20    56.83594     -2.70
  57.03125    29.20   57.03125    21.50   57.03125     -2.80    57.03125     -3.00
  57.22656    27.00   57.22656    19.70   57.22656     -3.50    57.22656     -2.80
  57.42188    26.10   57.42188    19.10   57.42188     -2.20    57.42188     -2.50
  57.61719    24.80   57.61719    19.40   57.61719     -3.20    57.61719     -2.30
  57.81250    24.40   57.81250    19.70   57.81250     -3.20    57.81250     -2.30
  58.00781    24.00   58.00781    20.90   58.00781     -3.00    58.00781     -2.30
  58.20312    22.00   58.20312    21.10   58.20312     -3.00    58.20312     -2.10
  58.39844    20.80   58.39844    24.10   58.39844     -2.80    58.39844     -1.50
  58.59375    19.60   58.59375    25.80   58.59375     -3.60    58.59375     -3.20
  58.78906    18.70   58.78906    29.90   58.78906     -2.90    58.78906     -3.00
  58.98438    18.20   58.98438    32.90   58.98438     -3.10    58.98438     -3.00
  59.17969    20.80   59.17969    36.20   59.17969     -2.10    59.17969     -2.20
  59.37500    21.00   59.37500    35.60   59.37500     -2.90    59.37500     -1.70
  59.57031    25.30   59.57031    32.80   59.57031     -3.30    59.57031     -2.10
  59.76562    27.90   59.76562    25.80   59.76562     -2.60    59.76562     -2.50
  59.96094    31.50   59.96094     9.20   59.96094     -3.20    59.96094     -2.10
  60.15625    33.20   60.15625    -0.90   60.15625     -3.30    60.15625     -2.80
  60.35156    31.20   60.35156   -10.40   60.35156     -3.70    60.35156     -3.40
  60.54688    26.20   60.54688   -14.00   60.54688     -3.30    60.54688     -3.60
  60.74219     7.40   60.74219   -22.70   60.74219     -3.00    60.74219     -2.20
  60.93750     1.20   60.93750   -26.80   60.93750     -3.20    60.93750     -2.60
  61.13281   -10.50   61.13281   -33.90   61.13281     -2.10    61.13281     -2.90
  61.32812   -16.90   61.32812   -35.00   61.32812     -2.00    61.32812     -2.80
  61.52344   -27.80   61.52344   -28.40   61.52344     -3.00    61.52344     -2.70
  61.71875   -33.00   61.71875   -22.60   61.71875     -3.40    61.71875     -3.00
  61.91406   -37.10   61.91406   -13.50   61.91406     -2.30    61.91406     -3.10
  62.10938   -37.10   62.10938   -11.60   62.10938     -3.70    62.10938     -1.90
  62.30469   -30.40   62.30469   -15.50   62.30469     -2.90    62.30469     -1.70
  62.50000   -24.10   62.50000   -20.80   62.50000     -3.20    62.50000     -1.70
  62.69531   -15.80   62.69531   -28.90   62.69531     -3.30    62.69531     -2.30
  62.89062   -14.00   62.89062   -32.10   62.89062     -2.40    62.89062     -1.90
  63.08594   -17.80   63.08594   -33.40   63.08594     -2.10    63.08594     -2.70
  63.28125   -21.50   63.28125   -33.50   63.28125     -1.80    63.28125     -2.60
  63.47656   -26.70   63.47656   -31.40   63.47656     -2.40    63.47656     -3.30
  63.67188   -29.80   63.67188   -31.00   63.67188     -2.30    63.67188     -3.10
  63.86719   -31.70   63.86719   -29.70   63.86719     -2.30    63.86719     -2.40
  64.06250   -33.10   64.06250   -30.10   64.06250     -2.70    64.06250     -2.10
  64.25781   -34.30   64.25781   -31.40   64.25781     -2.00    64.25781     -3.60
  64.45312   -34.90   64.45312   -32.70   64.45312     -2.40    64.45312     -2.60
  64.64844   -34.80   64.64844   -33.80   64.64844     -2.80    64.64844     -2.80
  64.84375   -34.90   64.84375   -34.30   64.84375     -2.90    64.84375     -2.40
  65.03906   -35.00   65.03906   -34.40   65.03906     -3.10    65.03906     -2.60
  65.23438   -35.60   65.23438   -34.40   65.23438     -2.70    65.23438     -2.10
  65.42969   -36.30   65.42969   -35.10   65.42969     -3.80    65.42969     -2.90
  65.62500   -35.70   65.62500   -36.40   65.62500     -3.70    65.62500     -3.30
  65.82031   -35.70   65.82031   -37.00   65.82031     -3.00    65.82031     -0.80
  66.01562   -36.60   66.01562   -37.50   66.01562     -2.60    66.01562     -0.40
  66.21094   -36.40   66.21094   -35.50   66.21094     -2.90    66.21094     -2.50
  66.40625   -37.60   66.40625   -36.40   66.40625     -3.20    66.40625     -2.20
  66.60156   -38.00   66.60156   -36.50   66.60156     -2.80    66.60156     -2.90
  66.79688   -38.90   66.79688   -36.70   66.79688     -3.10    66.79688     -3.50
  66.99219   -37.70   66.99219   -38.10   66.99219     -2.00    66.99219     -3.30
  67.18750   -37.50   67.18750   -38.60   67.18750     -3.50    67.18750     -3.40
  67.38281   -38.00   67.38281   -39.30   67.38281     -2.20    67.38281     -3.00
  67.57812   -37.80   67.57812   -38.50   67.57812     -2.10    67.57812     -2.20
  67.77344   -38.60   67.77344   -38.50   67.77344     -1.80    67.77344     -2.40
  67.96875   -40.10   67.96875   -38.70   67.96875     -3.10    67.96875     -3.10
  68.16406   -41.00   68.16406   -39.90   68.16406     -3.50    68.16406     -3.00
  68.35938   -41.00   68.35938   -40.00   68.35938     -2.80    68.35938     -2.10
  68.55469   -40.70   68.55469   -40.30   68.55469     -2.60    68.55469     -2.00
  68.75000   -41.10   68.75000   -41.20   68.75000     -2.70    68.75000     -3.20
  68.94531   -41.80   68.94531   -41.00   68.94531     -3.00    68.94531     -2.90
  69.14062   -41.80   69.14062   -41.00   69.14062     -2.20    69.14062     -1.80
  69.33594   -42.40   69.33594   -40.90   69.33594     -2.50    69.33594     -2.30
  69.53125   -42.60   69.53125   -40.60   69.53125     -2.40    69.53125     -2.20
  69.72656   -43.40   69.72656   -40.10   69.72656     -2.30    69.72656     -2.30
  69.92188   -43.80   69.92188   -40.90   69.92188     -3.50    69.92188     -2.50
  70.11719   -43.30   70.11719   -41.50   70.11719     -2.90    70.11719     -3.20
  70.31250   -43.20   70.31250   -42.10   70.31250     -3.70    70.31250     -2.60
  70.50781   -42.10   70.50781   -42.30   70.50781     -2.60    70.50781     -3.20
  70.70312   -42.80   70.70312   -43.20   70.70312     -2.70    70.70312     -3.10
  70.89844   -43.60   70.89844   -43.70   70.89844     -2.40    70.89844     -3.00
  71.09375   -44.20   71.09375   -43.70   71.09375     -2.00    71.09375     -3.00
  71.28906   -44.10   71.28906   -42.90   71.28906     -2.90    71.28906     -2.00
  71.48438   -44.70   71.48438   -43.10   71.48438     -2.70    71.48438     -2.40
  71.67969   -44.70   71.67969   -42.30   71.67969     -2.50    71.67969     -2.70
  71.87500   -44.30   71.87500   -39.60   71.87500     -2.90    71.87500     -2.70
  72.07031   -44.30   72.07031   -26.40   72.07031     -3.20    72.07031     -2.20
  72.26562   -44.30   72.26562   -14.50   72.26562     -2.70    72.26562     -2.60
  72.46094   -43.00   72.46094    14.40   72.46094     -3.50    72.46094     -2.50
  72.65625   -40.00   72.65625    26.20   72.65625     -2.80    72.65625     -2.50
  72.85156   -25.80   72.85156    51.90   72.85156     -2.60    72.85156     -3.20
  73.04688    -8.70   73.04688    60.10   73.04688     -2.80    73.04688     -2.20
  73.24219    14.80   73.24219    68.80   73.24219     -3.40    73.24219     -3.00
  73.43750    32.50   73.43750    69.30   73.43750     -2.50    73.43750     -2.80
  73.63281    54.00   73.63281    60.50   73.63281     -2.60    73.63281     -2.70
  73.82812    64.50   73.82812    49.00   73.82812     -3.00    73.82812     -2.80
  74.02344    73.30   74.02344    32.40   74.02344     -3.00    74.02344     -2.90
  74.21875    73.40   74.21875    27.30   74.21875     -3.00    74.21875     -2.70
  74.41406    62.30   74.41406    22.20   74.41406     -2.40    74.41406     -2.60
  74.60938    48.80   74.60938    22.80   74.60938     -3.00    74.60938     -2.20
  74.80469    34.80   74.80469    23.10   74.80469     -2.80    74.80469     -2.90
  75.00000    28.60   75.00000    23.00   75.00000     -2.90    75.00000     -2.50
  75.19531    23.50   75.19531    21.20   75.19531     -3.30    75.19531     -2.30
  75.39062    23.10   75.39062    20.10   75.39062     -3.50    75.39062     -2.60
  75.58594    23.60   75.58594    20.00   75.58594     -2.20    75.58594     -1.90
  75.78125    23.50   75.78125    20.30   75.78125     -3.80    75.78125     -2.60
  75.97656    22.80   75.97656    20.90   75.97656     -2.80    75.97656     -3.20
  76.17188    22.50   76.17188    20.60   76.17188     -2.60    76.17188     -3.00
  76.36719    22.20   76.36719    20.90   76.36719     -2.90    76.36719     -2.60
  76.56250    21.90   76.56250    21.00   76.56250     -2.30    76.56250     -2.80
  76.75781    21.60   76.75781    20.30   76.75781     -2.70    76.75781     -2.20
  76.95312    21.40   76.95312    19.10   76.95312     -2.80    76.95312     -2.00
  77.14844    22.10   77.14844    17.80   77.14844     -2.90    77.14844     -0.80
  77.34375    22.40   77.34375    16.90   77.34375     -3.00    77.34375     -3.40
  77.53906    22.20   77.53906    15.50   77.53906     -2.30    77.53906     -2.80
  77.73438    22.30   77.73438    14.70   77.73438     -3.40    77.73438     -2.40
  77.92969    20.10   77.92969    13.10   77.92969     -3.10    77.92969     -2.00
  78.12500    18.30   78.12500    11.90   78.12500     -3.10    78.12500     -2.20
  78.32031    17.10   78.32031    11.00   78.32031     -2.70    78.32031     -2.60
  78.51562    17.10   78.51562    11.70   78.51562     -3.00    78.51562     -2.60
  78.71094    15.50   78.71094    15.80   78.71094     -3.30    78.71094     -2.90
  78.90625    12.80   78.90625    19.60   78.90625     -2.80    78.90625     -3.10
  79.10156    10.90   79.10156    27.10   79.10156     -3.50    79.10156     -2.90
  79.29688    10.00   79.29688    31.10   79.29688     -3.40    79.29688     -1.70
  79.49219    10.80   79.49219    35.40   79.49219     -3.60    79.49219     -2.10
  79.68750    12.80   79.68750    36.90   79.68750     -3.00    79.68750     -2.40
  79.88281    20.60   79.88281    35.90   79.88281     -2.40    79.88281     -3.00
  80.07812    24.60   80.07812    35.80   80.07812     -2.50    80.07812     -3.10
  80.27344    33.00   80.27344    33.20   80.27344     -2.40    80.27344     -2.20
  80.46875    36.90   80.46875    32.50   80.46875     -3.00    80.46875     -3.20
  80.66406    39.50   80.66406    30.40   80.66406     -3.20    80.66406     -2.50
  80.85938    40.10   80.85938    28.70   80.85938     -3.80    80.85938     -2.70
  81.05469    38.30   81.05469    26.70   81.05469     -3.00    81.05469     -2.60
  81.25000    36.60   81.25000    25.80   81.25000     -3.30    81.25000     -2.30
  81.44531    33.80   81.44531    23.80   81.44531     -3.50    81.44531     -2.80
  81.64062    31.70   81.64062    22.70   81.64062     -3.00    81.64062     -2.10
  81.83594    28.80   81.83594    21.30   81.83594     -2.70    81.83594     -1.20
  82.03125    27.30   82.03125    20.10   82.03125     -2.30    82.03125     -2.10
  82.22656    25.70   82.22656    19.90   82.22656     -2.30    82.22656     -1.80
  82.42188    25.00   82.42188    19.80   82.42188     -2.10    82.42188     -2.60
  82.61719    23.80   82.61719    20.20   82.61719     -2.70    82.61719     -2.10
  82.81250    22.80   82.81250    20.50   82.81250     -2.80    82.81250     -2.40
  83.00781    21.10   83.00781    22.90   83.00781     -2.60    83.00781     -2.90
  83.20312    20.20   83.20312    24.80   83.20312     -2.40    83.20312     -2.50
  83.39844    19.00   83.39844    28.40   83.39844     -3.30    83.39844     -2.60
  83.59375    18.50   83.59375    30.10   83.59375     -3.20    83.59375     -2.70
  83.78906    18.80   83.78906    33.10   83.78906     -1.80    83.78906     -2.50
  83.98438    19.60   83.98438    35.50   83.98438     -2.70    83.98438     -2.70
  84.17969    23.20   84.17969    35.10   84.17969     -3.30    84.17969     -2.20
  84.37500    25.10   84.37500    31.80   84.37500     -3.40    84.37500     -2.60
  84.57031    29.50   84.57031    17.60   84.57031     -3.60    84.57031     -2.30
  84.76562    31.30   84.76562     6.60   84.76562     -3.60    84.76562     -2.00
  84.96094    34.20   84.96094    -3.90   84.96094     -3.40    84.96094     -2.80
  85.15625    32.30   85.15625    -9.00   85.15625     -2.70    85.15625     -2.80
  85.35156    22.60   85.35156   -16.40   85.35156     -2.80    85.35156     -2.70
  85.54688    10.80   85.54688   -22.20   85.54688     -3.00    85.54688     -1.60
  85.74219    -3.50   85.74219   -31.30   85.74219     -2.90    85.74219     -2.70
  85.93750    -9.20   85.93750   -33.90   85.93750     -3.10    85.93750     -2.10
  86.13281   -19.70   86.13281   -32.20   86.13281     -3.50    86.13281     -2.80
  86.32812   -25.20   86.32812   -27.90   86.32812     -2.90    86.32812     -2.90
  86.52344   -34.40   86.52344   -17.50   86.52344     -2.70    86.52344     -2.00
  86.71875   -37.50   86.71875   -13.00   86.71875     -3.10    86.71875     -2.20
  86.91406   -36.50   86.91406   -12.80   86.91406     -2.90    86.91406     -2.30
  87.10938   -31.30   87.10938   -15.50   87.10938     -2.40    87.10938     -2.90
  87.30469   -21.50   87.30469   -24.30   87.30469     -2.00    87.30469     -2.30
  87.50000   -15.80   87.50000   -28.90   87.50000     -2.80    87.50000     -2.70
  87.69531   -14.00   87.69531   -32.20   87.69531     -2.80    87.69531     -3.10
  87.89062   -17.00   87.89062   -32.90   87.89062     -3.40    87.89062     -2.80
  88.08594   -22.90   88.08594   -31.80   88.08594     -3.20    88.08594     -3.40
  88.28125   -25.50   88.28125   -31.90   88.28125     -2.90    88.28125     -2.50
  88.47656   -30.10   88.47656   -30.90   88.47656     -3.50    88.47656     -2.70
  88.67188   -32.80   88.67188   -32.30   88.67188     -3.00    88.67188     -3.60
  88.86719   -33.80   88.86719   -31.60   88.86719     -2.60    88.86719     -2.60
  89.06250   -33.50   89.06250   -31.80   89.06250     -2.80    89.06250     -3.10
  89.25781   -33.80   89.25781   -33.90   89.25781     -2.60    89.25781     -2.40
  89.45312   -33.20   89.45312   -34.10   89.45312     -2.50    89.45312     -2.20
  89.64844   -34.70   89.64844   -34.10   89.64844     -3.20    89.64844     -2.10
  89.84375   -35.30   89.84375   -33.90   89.84375     -2.60    89.84375     -3.10
  90.03906   -36.10   90.03906   -33.60   90.03906     -2.40    90.03906     -2.00
  90.23438   -37.00   90.23438   -34.70   90.23438     -2.30    90.23438     -2.70
  90.42969   -35.80   90.42969   -36.00   90.42969     -2.70    90.42969     -3.10
  90.62500   -35.30   90.62500   -36.80   90.62500     -3.60    90.62500     -2.50
  90.82031   -36.50   90.82031   -37.20   90.82031     -3.50    90.82031     -2.50
  91.01562   -36.40   91.01562   -37.80   91.01562     -2.50    91.01562     -3.00
  91.21094   -36.90   91.21094   -37.30   91.21094     -2.70    91.21094     -3.00
  91.40625   -37.30   91.40625   -36.50   91.40625     -2.00    91.40625     -2.40
  91.60156   -38.80   91.60156   -36.90   91.60156     -2.20    91.60156     -2.90
  91.79688   -37.80   91.79688   -37.40   91.79688     -2.20    91.79688     -1.90
  91.99219   -37.20   91.99219   -37.20   91.99219     -1.90    91.99219     -2.00
  92.18750   -37.10   92.18750   -39.10   92.18750     -2.10    92.18750     -1.80
  92.38281   -37.70   92.38281   -38.90   92.38281     -2.20    92.38281     -1.90
  92.57812   -38.20   92.57812   -39.00   92.57812     -2.70    92.57812     -2.80
  92.77344   -40.00   92.77344   -39.50   92.77344     -2.90    92.77344     -2.60
  92.96875   -40.50   92.96875   -39.50   92.96875     -2.20    92.96875     -2.50
  93.16406   -41.30   93.16406   -40.20   93.16406     -2.80    93.16406     -2.10
  93.35938   -40.70   93.35938   -40.90   93.35938     -2.20    93.35938     -2.60
  93.55469   -41.00   93.55469   -41.10   93.55469     -2.50    93.55469     -2.00
  93.75000   -41.30   93.75000   -41.60   93.75000     -2.40    93.75000     -2.70
  93.94531   -41.50   93.94531   -41.30   93.94531     -2.00    93.94531     -2.70
  94.14062   -41.90   94.14062   -41.60   94.14062     -2.90    94.14062     -3.10
  94.33594   -43.00   94.33594   -40.90   94.33594     -2.70    94.33594     -2.10
  94.53125   -43.40   94.53125   -41.10   94.53125     -2.80    94.53125     -2.00
  94.72656   -44.70   94.72656   -41.60   94.72656     -2.90    94.72656     -2.20
  94.92188   -44.10   94.92188   -42.00   94.92188     -2.60    94.92188     -3.10
  95.11719   -43.20   95.11719   -42.10   95.11719     -2.60    95.11719     -2.20
  95.31250   -43.20   95.31250   -41.70   95.31250     -2.00    95.31250     -2.30
  95.50781   -43.20   95.50781   -42.20   95.50781     -3.20    95.50781     -2.70
  95.70312   -43.30   95.70312   -43.10   95.70312     -2.70    95.70312     -2.70
  95.89844   -43.50   95.89844   -42.50   95.89844     -3.30    95.89844     -2.60
  96.09375   -43.90   96.09375   -42.90   96.09375     -3.20    96.09375     -2.50
  96.28906   -44.40   96.28906   -42.60   96.28906     -2.90    96.28906     -2.00
  96.48438   -44.50   96.48438   -42.60   96.48438     -3.00    96.48438     -2.50
  96.67969   -44.10   96.67969   -35.90   96.67969     -2.70    96.67969     -1.30
  96.87500   -44.50   96.87500   -30.10   96.87500     -2.90    96.87500     -2.30
  97.07031   -44.50   97.07031    -5.30   97.07031     -3.20    97.07031     -1.70
  97.26562   -44.30   97.26562     8.90   97.26562     -2.70    97.26562     -2.20
  97.46094   -37.90   97.46094    35.90   97.46094     -2.70    97.46094     -2.30
  97.65625   -29.20   97.65625    47.80   97.65625     -3.60    97.65625     -2.40
  97.85156    -6.90   97.85156    63.10   97.85156     -2.80    97.85156     -2.30
  98.04688    13.20   98.04688    69.80   98.04688     -3.30    98.04688     -2.90
  98.24219    36.40   98.24219    69.20   98.24219     -2.50    98.24219     -3.30
  98.43750    50.60   98.43750    63.90   98.43750     -3.80    98.43750     -3.10
  98.63281    68.00   98.63281    47.00   98.63281     -2.60    98.63281     -3.10
  98.82812    74.20   98.82812    35.70   98.82812     -3.70    98.82812     -2.90
  99.02344    73.40   99.02344    25.50   99.02344     -3.90    99.02344     -2.60
  99.21875    67.60   99.21875    22.20   99.21875     -2.90    99.21875     -2.30
  99.41406    49.50   99.41406    21.30   99.41406     -2.00    99.41406     -3.20
  99.60938    36.60   99.60938    22.00   99.60938     -3.00    99.60938     -2.40
  99.80469    26.40   99.80469    21.70   99.80469     -2.40    99.80469     -3.00
 100.00000    23.30  100.00000    20.90  100.00000     -2.30   100.00000     -3.20
 100.19531    22.60  100.19531    20.50  100.19531     -3.30   100.19531     -2.70
 100.39062    22.80  100.39062    19.80  100.39062     -3.30   100.39062     -2.20
 100.58594    23.10  100.58594    20.30  100.58594     -3.10   100.58594     -2.10
 100.78125    23.70  100.78125    20.30  100.78125     -3.50   100.78125     -2.20
 100.97656    23.10  100.97656    20.90  100.97656     -3.20   100.97656     -2.50
 101.17188    22.40  101.17188    20.10  101.17188     -3.20   101.17188     -2.60
 101.36719    21.70  101.36719    20.00  101.36719     -2.70   101.36719     -2.80
 101.56250    21.50  101.56250    20.00  101.56250     -2.90   101.56250     -2.20
 101.75781    22.10  101.75781    19.30  101.75781     -2.80   101.75781     -2.90
 101.95312    22.00  101.95312    18.60  101.95312     -3.70   101.95312     -2.60
 102.14844    21.70  102.14844    17.90  102.14844     -2.40   102.14844     -2.50
 102.34375    21.40  102.34375    16.70  102.34375     -2.70   102.34375     -3.20
 102.53906    21.10  102.53906    14.70  102.53906     -2.70   102.53906     -1.80
 102.73438    19.70  102.73438    13.60  102.73438     -2.80   102.73438     -2.60
 102.92969    19.50  102.92969    11.70  102.92969     -2.60   102.92969     -1.90
 103.12500    17.50  103.12500    10.50  103.12500     -3.60   103.12500     -2.20
 103.32031    16.30  103.32031    12.40  103.32031     -3.90   103.32031     -2.20
 103.51562    15.60  103.51562    13.60  103.51562     -2.80   103.51562     -2.10
 103.71094    13.10  103.71094    19.70  103.71094     -3.00   103.71094     -3.20
 103.90625    12.50  103.90625    23.20  103.90625     -2.80   103.90625     -1.90
 104.10156    10.70  104.10156    30.50  104.10156     -2.40   104.10156     -2.40
 104.29688    10.30  104.29688    33.60  104.29688     -2.70   104.29688     -3.10
 104.49219    14.80  104.49219    36.20  104.49219     -2.00   104.49219     -1.80
 104.68750    17.60  104.68750    37.30  104.68750     -2.60   104.68750     -3.00
 104.88281    25.20  104.88281    35.60  104.88281     -3.00   104.88281     -2.30
 105.07812    29.90  105.07812    35.20  105.07812     -2.70   105.07812     -2.60
 105.27344    37.00  105.27344    33.10  105.27344     -2.50   105.27344     -2.40
 105.46875    38.60  105.46875    32.00  105.46875     -2.60   105.46875     -2.50
 105.66406    40.50  105.66406    30.00  105.66406     -2.60   105.66406     -2.00
 105.85938    39.20  105.85938    28.10  105.85938     -2.40   105.85938     -1.40
 106.05469    37.20  106.05469    26.60  106.05469     -2.50   106.05469     -2.50
 106.25000    35.00  106.25000    25.10  106.25000     -2.90   106.25000     -2.40
 106.44531    32.60  106.44531    23.90  106.44531     -2.20   106.44531     -3.00
 106.64062    30.80  106.64062    22.40  106.64062     -2.80   106.64062     -3.10
 106.83594    28.60  106.83594    21.60  106.83594     -2.70   106.83594     -2.70
 107.03125    26.90  107.03125    20.50  107.03125     -1.00   107.03125     -1.50
 107.22656    24.80  107.22656    20.00  107.22656     -2.30   107.22656     -2.30
 107.42188    24.70  107.42188    19.10  107.42188     -3.00   107.42188     -3.20
 107.61719    23.10  107.61719    19.80  107.61719     -2.70   107.61719     -2.60
 107.81250    23.30  107.81250    20.40  107.81250     -2.40   107.81250      5.30
 108.00781    21.50  108.00781    22.90  108.00781     -2.90   108.00781     -2.60
 108.20312    20.10  108.20312    25.10  108.20312     -3.30   108.20312     -3.50
 108.39844    19.00  108.39844    28.60  108.39844     -2.90   108.39844     -3.00
 108.59375    19.00  108.59375    30.70  108.59375     -2.80   108.59375     -2.60
 108.78906    19.70  108.78906    33.80  108.78906     -2.20   108.78906     -2.10
 108.98438    20.50  108.98438    35.90  108.98438     -2.60   108.98438     -2.10
 109.17969    23.90  109.17969    35.50  109.17969     -2.60   109.17969     -2.40
 109.37500    26.70  109.37500    32.50  109.37500     -2.80   109.37500     -2.20
 109.57031    30.00  109.57031    19.70  109.57031     -2.30   109.57031     -2.00
 109.76562    33.10  109.76562     6.60  109.76562     -2.60   109.76562     -2.40
 109.96094    34.10  109.96094    -5.70  109.96094     -2.10   109.96094     -2.30
 110.15625    32.00  110.15625    -9.90  110.15625     -3.60   110.15625     -1.60
 110.35156    21.00  110.35156   -17.30  110.35156     -3.00   110.35156     -2.20
 110.54688     9.10  110.54688   -22.90  110.54688     -3.00   110.54688     -2.70
 110.74219    -4.50  110.74219   -31.40  110.74219     -2.50   110.74219     -2.30
 110.93750   -10.10  110.93750   -33.90  110.93750     -3.30   110.93750     -2.40
 111.13281   -21.90  111.13281   -32.50  111.13281     -3.20   111.13281     -2.10
 111.32812   -28.20  111.32812   -26.90  111.32812     -2.40   111.32812     -2.60
 111.52344   -34.30  111.52344   -18.10  111.52344     -2.30   111.52344     -2.80
 111.71875   -37.80  111.71875   -12.80  111.71875     -2.70   111.71875     -1.70
 111.91406   -35.80  111.91406   -12.10  111.91406     -2.40   111.91406     -2.30
 112.10938   -29.70  112.10938   -17.20  112.10938     -2.20   112.10938     -2.10
 112.30469   -20.10  112.30469   -25.20  112.30469     -2.60   112.30469     -2.70
 112.50000   -14.70  112.50000   -29.80  112.50000     -2.80   112.50000     -2.90
 112.69531   -13.50  112.69531   -32.20  112.69531     -2.60   112.69531     -2.00
 112.89062   -16.80  112.89062   -33.30  112.89062     -2.90   112.89062     -2.80
 113.08594   -22.70  113.08594   -32.30  113.08594     -3.50   113.08594     -2.80
 113.28125   -26.10  113.28125   -31.90  113.28125     -3.10   113.28125     -2.70
 113.47656   -30.60  113.47656   -31.10  113.47656     -2.20   113.47656     -2.80
 113.67188   -32.00  113.67188   -30.40  113.67188     -2.80   113.67188     -2.70
 113.86719   -32.50  113.86719   -31.00  113.86719     -2.00   113.86719     -2.70
 114.06250   -32.70  114.06250   -32.70  114.06250     -2.20   114.06250     -2.20
 114.25781   -33.50  114.25781   -33.70  114.25781     -2.80   114.25781     -2.60
 114.45312   -33.40  114.45312   -34.90  114.45312     -2.90   114.45312     -2.50
 114.64844   -34.50  114.64844   -33.90  114.64844     -3.10   114.64844     -1.90
 114.84375   -34.80  114.84375   -34.00  114.84375     -2.30   114.84375     -2.10
 115.03906   -35.70  115.03906   -34.40  115.03906     -3.00   115.03906     -2.80
 115.23438   -37.10  115.23438   -33.90  115.23438     -2.80   115.23438     -2.50
 115.42969   -36.50  115.42969   -35.40  115.42969     -2.60   115.42969     -2.60
 115.62500   -36.10  115.62500   -36.60  115.62500     -2.80   115.62500     -1.10
 115.82031   -35.70  115.82031   -37.60  115.82031     -2.40   115.82031     -3.30
 116.01562   -36.00  116.01562   -37.20  116.01562     -2.80   116.01562     -2.90
 116.21094   -36.50  116.21094   -37.30  116.21094     -2.60   116.21094     -1.90
 116.40625   -37.40  116.40625   -36.90  116.40625     -2.40   116.40625     -1.20
 116.60156   -37.30  116.60156   -37.20  116.60156     -2.40   116.60156     -2.30
 116.79688   -37.40  116.79688   -37.70  116.79688     -1.70   116.79688     -1.90
 116.99219   -37.00  116.99219   -38.60  116.99219     -2.50   116.99219     -1.90
 117.18750   -37.40  117.18750   -38.80  117.18750     -2.70   117.18750     -2.40
 117.38281   -37.70  117.38281   -38.80  117.38281     -3.00   117.38281     -2.40
 117.57812   -38.50  117.57812   -38.90  117.57812     -2.80   117.57812     -2.40
 117.77344   -39.50  117.77344   -39.00  117.77344     -2.20   117.77344     -2.50
 117.96875   -39.70  117.96875   -39.80  117.96875     -2.20   117.96875     -1.80
 118.16406   -41.10  118.16406   -40.40  118.16406     -2.00   118.16406     -1.50
 118.35938   -41.00  118.35938   -41.00  118.35938     -2.50   118.35938     -2.90
 118.55469   -41.20  118.55469   -41.50  118.55469     -3.90   118.55469     -2.20
 118.75000   -41.10  118.75000   -41.60  118.75000     -3.10   118.75000     -2.20
 118.94531   -41.60  118.94531   -41.30  118.94531     -3.20   118.94531     -1.90
 119.14062   -41.70  119.14062   -41.50  119.14062     -2.80   119.14062     -2.70
 119.33594   -42.70  119.33594   -41.10  119.33594     -2.50   119.33594     -2.60
 119.53125   -42.70  119.53125   -40.80  119.53125     -1.90   119.53125     -1.90
 119.72656   -43.30  119.72656   -41.50  119.72656     -2.10   119.72656     -2.30
 119.92188   -43.50  119.92188   -41.10  119.92188     -2.70   119.92188     -2.50
 120.11719   -43.30  120.11719   -41.50  120.11719     -2.10   120.11719     -3.30
 120.31250   -43.50  120.31250   -41.90  120.31250     -2.20   120.31250     -3.90
 120.50781   -43.30  120.50781   -41.40  120.50781     -2.30   120.50781     -2.30
 120.70312   -43.40  120.70312   -43.20  120.70312     -3.00   120.70312     -2.70
 120.89844   -43.90  120.89844   -43.20  120.89844     -2.70   120.89844     -1.50
 121.09375   -43.60  121.09375   -43.10  121.09375     -2.60   121.09375     -2.40
 121.28906   -44.30  121.28906   -42.50  121.28906     -2.80   121.28906     -2.50
 121.48438   -44.40  121.48438   -42.60  121.48438     -2.30   121.48438     -2.00
 121.67969   -43.90  121.67969   -39.60  121.67969     -1.90   121.67969     -2.30
 121.87500   -44.20  121.87500   -35.10  121.87500     -3.30   121.87500     -2.20
 122.07031   -44.70  122.07031   -15.70  122.07031     -2.90   122.07031     -2.70
 122.26562   -45.60  122.26562     0.00  122.26562     -3.30   122.26562     -3.60
 122.46094   -40.90  122.46094    28.30  122.46094     -2.90   122.46094     -2.70
 122.65625   -33.30  122.65625    41.00  122.65625     -3.10   122.65625     -3.10
 122.85156   -11.80  122.85156    59.00  122.85156     -3.00   122.85156     -2.70
 123.04688     7.50  123.04688    67.90  123.04688     -3.30   123.04688     -3.80
 123.24219    34.00  123.24219    71.20  123.24219     -2.70   123.24219     -3.20
 123.43750    48.30  123.43750    66.90  123.43750     -2.90   123.43750     -3.30
 123.63281    65.20  123.63281    52.30  123.63281     -2.90   123.63281     -1.50
 123.82812    71.20  123.82812    40.70  123.82812     -3.00   123.82812     -3.60
 124.02344    73.80  124.02344    26.00  124.02344     -2.70   124.02344     -2.90
 124.21875    69.00  124.21875    22.60  124.21875     -2.60   124.21875     -2.40
 124.41406    51.90  124.41406    22.30  124.41406     -3.10   124.41406     -2.40
 124.60938    42.20  124.60938    22.80  124.60938     -2.40   124.60938     -2.80
 124.80469    28.00  124.80469    21.90  124.80469     -2.60   124.80469     -2.10
 125.00000    24.90  125.00000    22.30  125.00000     -2.40   125.00000     -1.80
 125.19531    22.60  125.19531    21.10  125.19531     -2.00   125.19531     -1.90
 125.39062    22.60  125.39062    20.40  125.39062     -1.70   125.39062     -1.70
 125.58594    22.70  125.58594    20.50  125.58594     -1.90   125.58594     -1.80
 125.78125    23.30  125.78125    21.00  125.78125     -2.70   125.78125     -1.90
 125.97656    23.70  125.97656    20.50  125.97656     -3.10   125.97656     -3.50
 126.17188    22.80  126.17188    20.00  126.17188     -2.20   126.17188     -1.90
 126.36719    22.40  126.36719    19.60  126.36719     -3.00   126.36719     -3.30
 126.56250    21.90  126.56250    20.70  126.56250     -2.80   126.56250     -3.20
 126.75781    22.00  126.75781    19.40  126.75781     -2.60   126.75781     -2.50
 126.95312    21.60  126.95312    18.70  126.95312     -3.00   126.95312     -1.70
 127.14844    22.10  127.14844    17.10  127.14844     -2.10   127.14844     -1.30
 127.34375    21.70  127.34375    17.10  127.34375     -2.50   127.34375     -2.30
 127.53906    21.20  127.53906    14.80  127.53906     -3.20   127.53906     -2.70
 127.73438    20.30  127.73438    14.00  127.73438     -3.00   127.73438     -2.00
 127.92969    18.80  127.92969    11.70  127.92969     -2.90   127.92969     -2.70
 128.12500    17.80  128.12500    10.60  128.12500     -3.30   128.12500     -3.30
 128.32031    17.30  128.32031    11.40  128.32031     -2.80   128.32031     -2.50
 128.51562    15.60  128.51562    12.70  128.51562     -3.00   128.51562     -3.10
 128.71094    13.00  128.71094    18.00  128.71094     -2.70   128.71094     -3.00
 128.90625    11.90  128.90625    22.70  128.90625     -2.30   128.90625     -1.40
 129.10156    10.60  129.10156    29.80  129.10156     -2.70   129.10156     -1.40
 129.29688    11.20  129.29688    33.40  129.29688     -1.90   129.29688     -2.10
 129.49219    13.70  129.49219    37.60  129.49219     -2.10   129.49219     -2.60
 129.68750    17.50  129.68750    37.50  129.68750     -1.60   129.68750     -2.10
 129.88281    24.20  129.88281    36.80  129.88281     -2.90   129.88281     -2.80
 130.07812    29.40  130.07812    35.20  130.07812     -2.50   130.07812     -2.70
 130.27344    36.10  130.27344    32.90  130.27344     -2.60   130.27344     -2.60
 130.46875    38.80  130.46875    32.40  130.46875     -3.20   130.46875     -2.50
 130.66406    40.50  130.66406    28.70  130.66406     -2.90   130.66406     -2.60
 130.85938    39.40  130.85938    27.40  130.85938     -3.40   130.85938     -3.00
 131.05469    36.90  131.05469    26.50  131.05469     -2.50   131.05469     -3.20
 131.25000    34.90  131.25000    24.90  131.25000     -2.90   131.25000     -2.90
 131.44531    31.90  131.44531    24.00  131.44531     -3.30   131.44531     -2.50
 131.64062    30.40  131.64062    22.20  131.64062     -3.40   131.64062     -2.60
 131.83594    27.80  131.83594    20.60  131.83594     -2.40   131.83594     -2.90
 132.03125    26.00  132.03125    19.60  132.03125     -2.30   132.03125     -2.50
 132.22656    24.50  132.22656    19.90  132.22656     -2.30   132.22656     -3.00
 132.42188    24.40  132.42188    18.90  132.42188     -2.30   132.42188     -2.10
 132.61719    23.70  132.61719    19.00  132.61719     -2.90   132.61719     -2.80
 132.81250    21.90  132.81250    19.60  132.81250     -2.80   132.81250     -3.00
 133.00781    20.40  133.00781    21.40  133.00781     -3.80   133.00781     -3.00
 133.20312    19.40  133.20312    23.40  133.20312     -3.90   133.20312     -3.50
 133.39844    17.90  133.39844    28.00  133.39844     -4.00   133.39844     -2.60
 133.59375    17.40  133.59375    30.10  133.59375     -3.20   133.59375     -2.60
 133.78906    19.50  133.78906    33.60  133.78906     -1.70   133.78906     -3.20
 133.98438    20.70  133.98438    35.00  133.98438     -2.50   133.98438     -2.60
 134.17969    24.10  134.17969    35.60  134.17969     -2.30   134.17969     -3.30
 134.37500    26.50  134.37500    30.60  134.37500     -3.20   134.37500     -2.70
 134.57031    29.80  134.57031    17.60  134.57031     -2.30   134.57031     -2.10
 134.76562    32.70  134.76562     4.60  134.76562     -2.70   134.76562     -3.00
 134.96094    33.40  134.96094    -7.30  134.96094     -2.40   134.96094     -2.40
 135.15625    30.40  135.15625   -11.30  135.15625     -1.90   135.15625     -2.40
 135.35156    19.10  135.35156   -17.10  135.35156     -2.50   135.35156     -1.60
 135.54688     9.20  135.54688   -21.00  135.54688     -3.00   135.54688     -2.80
 135.74219    -5.20  135.74219   -31.30  135.74219     -3.50   135.74219     -2.70
 135.93750   -11.10  135.93750   -33.80  135.93750     -2.70   135.93750     -2.80
 136.13281   -20.60  136.13281   -32.20  136.13281     -3.30   136.13281     -3.40
 136.32812   -27.90  136.32812   -26.70  136.32812     -2.30   136.32812     -2.30
 136.52344   -22.20  136.52344    -2.60  136.52344     10.80   136.52344     10.70
 136.71875   -24.40  136.71875     0.90  136.71875     10.50   136.71875      9.90
 136.91406   -35.40  136.91406   -13.10  136.91406     -1.90   136.91406     -2.00
 137.10938   -29.20  137.10938   -17.90  137.10938     -1.90   137.10938     -2.20
 137.30469   -19.10  137.30469   -26.10  137.30469     -2.10   137.30469     -1.00
 137.50000   -15.80  137.50000   -29.50  137.50000     -2.40   137.50000     -2.10
 137.69531   -14.80  137.69531   -33.10  137.69531     -2.50   137.69531     -1.50
 137.89062   -17.50  137.89062   -34.00  137.89062     -3.00   137.89062     -1.40
 138.08594   -23.70  138.08594   -32.30  138.08594     -3.40   138.08594     -1.60
 138.28125   -26.00  138.28125   -31.50  138.28125     -3.10   138.28125     -2.10
 138.47656   -30.80  138.47656   -30.50  138.47656     -2.60   138.47656     -2.40
 138.67188   -32.60  138.67188   -30.50  138.67188     -2.40   138.67188     -3.30
 138.86719   -33.20  138.86719   -29.90  138.86719     -1.80   138.86719     -2.90
 139.06250   -33.40  139.06250   -31.30  139.06250     -2.40   139.06250     -2.50
 139.25781   -33.90  139.25781   -34.00  139.25781     -1.80   139.25781     -2.70
 139.45312   -34.30  139.45312   -34.80  139.45312     -2.10   139.45312     -2.00
 139.64844   -34.60  139.64844   -34.70  139.64844     -2.40   139.64844     -2.40
 139.84375   -35.40  139.84375   -33.80  139.84375     -2.10   139.84375     -2.60
 140.03906   -36.30  140.03906   -34.60  140.03906     -1.70   140.03906     -2.00
 140.23438   -36.70  140.23438   -35.60  140.23438     -2.40   140.23438     -2.80
 140.42969   -36.50  140.42969   -37.30  140.42969     -1.70   140.42969     -3.00
 140.62500   -36.30  140.62500   -37.30  140.62500     -2.20   140.62500     -2.40
 140.82031   -35.60  140.82031   -36.70  140.82031     -2.90   140.82031     -2.60
 141.01562   -35.90  141.01562   -36.50  141.01562     -2.60   141.01562     -3.20
 141.21094   -35.80  141.21094   -35.90  141.21094     -3.00   141.21094     -2.30
 141.40625   -36.80  141.40625   -36.30  141.40625     -3.00   141.40625     -3.10
 141.60156   -37.60  141.60156   -37.20  141.60156     -3.00   141.60156     -2.60
 141.79688   -37.20  141.79688   -37.90  141.79688     -3.30   141.79688     -3.00
 141.99219   -37.10  141.99219   -38.60  141.99219     -3.20   141.99219     -3.00
 142.18750   -36.50  142.18750   -39.00  142.18750     -2.90   142.18750     -2.40
 142.38281   -37.20  142.38281   -38.90  142.38281     -2.70   142.38281     -2.20
 142.57812   -37.50  142.57812   -37.70  142.57812     -2.80   142.57812     -3.00
 142.77344   -40.00  142.77344   -38.60  142.77344     -1.70   142.77344     -1.80
 142.96875   -40.20  142.96875   -39.40  142.96875     -2.40   142.96875     -2.30
 143.16406   -41.90  143.16406   -40.30  143.16406     -2.00   143.16406     -2.30
 143.35938   -42.10  143.35938   -40.70  143.35938     -2.30   143.35938     -2.40
 143.55469   -41.80  143.55469   -41.90  143.55469     -2.40   143.55469     -2.90
 143.75000   -41.40  143.75000   -41.20  143.75000     -2.10   143.75000     -2.00
 143.94531   -41.30  143.94531   -40.90  143.94531     -2.20   143.94531     -2.20
 144.14062   -42.30  144.14062   -41.50  144.14062     -2.40   144.14062     -3.10
 144.33594   -43.10  144.33594   -41.20  144.33594     -2.30   144.33594     -3.50
 144.53125   -43.90  144.53125   -41.60  144.53125     -2.50   144.53125     -2.90
 144.72656   -44.10  144.72656   -42.40  144.72656     -3.10   144.72656     -2.30
 144.92188   -43.40  144.92188   -42.00  144.92188     -2.80   144.92188     -2.70
 145.11719   -42.60  145.11719   -42.50  145.11719     -2.70   145.11719     -2.30
 145.31250   -42.60  145.31250   -42.50  145.31250     -2.70   145.31250     -2.30
 145.50781   -42.10  145.50781   -42.40  145.50781     -2.40   145.50781     -1.70
 145.70312   -42.60  145.70312   -42.50  145.70312     -2.10   145.70312     -2.50
 145.89844   -43.30  145.89844   -43.00  145.89844     -3.10   145.89844     -1.80
 146.09375   -44.00  146.09375   -42.70  146.09375     -3.20   146.09375     -1.90
 146.28906   -44.10  146.28906   -44.10  146.28906     -2.80   146.28906     -2.50
 146.48438   -44.70  146.48438   -43.50  146.48438     -3.40   146.48438     -2.70
 146.67969   -44.80  146.67969   -40.30  146.67969     -2.50   146.67969     -2.70
 146.87500   -44.80  146.87500   -32.80  146.87500     -3.00   146.87500     -2.60
 147.07031   -44.30  147.07031   -12.30  147.07031     -2.10   147.07031     -2.50
 147.26562   -45.10  147.26562     2.30  147.26562     -2.60   147.26562     -2.10
 147.46094   -41.00  147.46094    28.80  147.46094     -3.30   147.46094     -2.20
 147.65625   -34.70  147.65625    43.60  147.65625     -2.30   147.65625     -2.30
 147.85156   -16.60  147.85156    59.90  147.85156     -2.80   147.85156     -2.40
 148.04688    -0.20  148.04688    66.90  148.04688     -2.70   148.04688     -3.30
 148.24219    28.70  148.24219    70.40  148.24219     -2.30   148.24219     -3.10
 148.43750    46.40  148.43750    67.30  148.43750     -2.50   148.43750     -3.10
 148.63281    62.40  148.63281    53.10  148.63281     -3.00   148.63281     -2.50
 148.82812    69.20  148.82812    42.60  148.82812     -2.90   148.82812     -2.00
 149.02344    74.80  149.02344    26.50  149.02344     -2.90   149.02344     -2.10
 149.21875    72.00  149.21875    23.50  149.21875     -2.80   149.21875     -2.20
 149.41406    58.60  149.41406    21.60  149.41406     -2.40   149.41406     -2.60
 149.60938    47.10  149.60938    22.10  149.60938     -2.20   149.60938     -2.00
 149.80469    32.20  149.80469    22.90  149.80469     -3.40   149.80469     -1.60
 150.00000    25.70  150.00000    21.70  150.00000     -2.40   150.00000     -1.80
 150.19531    22.60  150.19531    20.70  150.19531     -2.20   150.19531     -2.00
 150.39062    23.40  150.39062    20.50  150.39062     -2.30   150.39062     -2.40
 150.58594    23.90  150.58594    20.60  150.58594     -1.80   150.58594     -2.80
 150.78125    24.20  150.78125    20.60  150.78125     -2.10   150.78125     -3.60
 150.97656    23.90  150.97656    21.30  150.97656     -1.80   150.97656     -2.50
 151.17188    23.10  151.17188    20.30  151.17188     -3.00   151.17188     -3.40
 151.36719    21.80  151.36719    20.20  151.36719     -2.60   151.36719     -3.00
 151.56250    21.90  151.56250    20.50  151.56250     -3.00   151.56250     -2.60
 151.75781    21.50  151.75781    20.20  151.75781     -2.40   151.75781     -2.50
 151.95312    21.80  151.95312    19.30  151.95312     -2.80   151.95312     -1.20
 152.14844    21.80  152.14844    17.90  152.14844     -2.90   152.14844     -1.50
 152.34375    22.00  152.34375    17.60  152.34375     -2.40   152.34375     -2.20
 152.53906    21.00  152.53906    15.20  152.53906     -2.10   152.53906     -2.00
 152.73438    19.70  152.73438    13.80  152.73438     -1.70   152.73438     -2.80
 152.92969    18.50  152.92969    11.40  152.92969     -2.50   152.92969     -2.50
 153.12500    18.20  153.12500    10.90  153.12500     -1.60   153.12500     -3.00
 153.32031    16.90  153.32031    11.80  153.32031     -2.40   153.32031     -2.70
 153.51562    17.30  153.51562    11.50  153.51562     -2.30   153.51562     -2.40
 153.71094    14.20  153.71094    17.10  153.71094     -2.50   153.71094     -2.90
 153.90625    13.00  153.90625    20.90  153.90625     -2.30   153.90625     -2.50
 154.10156    10.40  154.10156    29.00  154.10156     -3.20   154.10156     -2.10
 154.29688    10.30  154.29688    32.80  154.29688     -3.20   154.29688     -1.90
 154.49219    14.40  154.49219    36.80  154.49219     -2.30   154.49219     -1.90
 154.68750    16.10  154.68750    37.90  154.68750     -2.00   154.68750     -2.50
 154.88281    21.80  154.88281    37.50  154.88281     -2.60   154.88281     -2.50
 155.07812    24.90  155.07812    36.00  155.07812     -2.60   155.07812     -2.70
 155.27344    34.10  155.27344    33.60  155.27344     -2.60   155.27344     -2.90
 155.46875    36.40  155.46875    32.90  155.46875     -1.50   155.46875     -2.60
 155.66406    39.50  155.66406    29.70  155.66406     -2.10   155.66406     -2.60
 155.85938    39.50  155.85938    27.90  155.85938     -2.50   155.85938     -2.90
 156.05469    37.40  156.05469    26.20  156.05469     -3.50   156.05469     -2.60
 156.25000    35.80  156.25000    25.30  156.25000     -3.70   156.25000     -1.90
 156.44531    33.60  156.44531    23.80  156.44531     -2.90   156.44531     -1.60
 156.64062    31.50  156.64062    22.70  156.64062     -3.40   156.64062     -2.10
 156.83594    29.30  156.83594    21.40  156.83594     -2.60   156.83594     -1.80
 157.03125    27.50  157.03125    20.70  157.03125     -2.80   157.03125     -2.00
 157.22656    25.50  157.22656    19.30  157.22656     -2.40   157.22656     -2.10
 157.42188    24.90  157.42188    19.60  157.42188     -2.80   157.42188     -2.50
 157.61719    24.40  157.61719    19.60  157.61719     -2.00   157.61719     -1.50
 157.81250    22.50  157.81250    19.90  157.81250     -2.70   157.81250     -2.50
 158.00781    20.90  158.00781    23.80  158.00781     -2.60   158.00781     -2.20
 158.20312    20.60  158.20312    24.30  158.20312     -4.00   158.20312     -2.90
 158.39844    18.60  158.39844    28.30  158.39844     -3.20   158.39844     -2.10
 158.59375    18.50  158.59375    30.10  158.59375     -3.10   158.59375     -2.30
 158.78906    18.50  158.78906    33.00  158.78906     -2.80   158.78906     -1.30
 158.98438    19.50  158.98438    34.60  158.98438     -2.30   158.98438     -2.50
 159.17969    22.00  159.17969    36.00  159.17969     -2.50   159.17969     -2.90
 159.37500    24.60  159.37500    34.10  159.37500     -2.60   159.37500     -2.30
 159.57031    29.40  159.57031    21.90  159.57031     -2.60   159.57031     -2.00
 159.76562    30.50  159.76562    17.00  159.76562     -2.90   159.76562     -2.10
 159.96094    34.10  159.96094    -1.80  159.96094     -2.20   159.96094     -2.10
 160.15625    33.30  160.15625    -7.90  160.15625     -2.70   160.15625     -2.00
 160.35156    22.90  160.35156   -15.30  160.35156     -2.90   160.35156     -1.50
 160.54688    14.00  160.54688   -18.60  160.54688     -2.40   160.54688     -2.20
 160.74219    -2.00  160.74219   -28.90  160.74219     -3.20   160.74219     -2.30
 160.93750   -11.10  160.93750   -33.60  160.93750     -3.70   160.93750     -2.20
 161.13281   -20.20  161.13281   -34.20  161.13281     -2.70   161.13281     -2.50
 161.32812   -24.80  161.32812   -31.70  161.32812     -3.10   161.32812     -1.90
 161.52344   -35.40  161.52344   -19.90  161.52344     -3.10   161.52344     -2.60
 161.71875   -38.60  161.71875   -14.20  161.71875     -2.40   161.71875     -2.60
 161.91406   -37.00  161.91406   -11.30  161.91406     -3.00   161.91406     -2.60
 162.10938   -31.70  162.10938   -13.30  162.10938     -2.50   162.10938     -2.40
 162.30469   -20.80  162.30469   -22.90  162.30469     -2.20   162.30469     -2.30
 162.50000   -15.40  162.50000   -27.40  162.50000     -2.10   162.50000     -1.70
 162.69531   -13.80  162.69531   -32.80  162.69531     -2.50   162.69531     -2.80
 162.89062   -16.10  162.89062   -33.50  162.89062     -2.60   162.89062     -2.30
 163.08594   -22.60  163.08594   -32.80  163.08594     -2.70   163.08594     -3.00
 163.28125   -26.20  163.28125   -32.00  163.28125     -2.80   163.28125     -2.90
 163.47656   -30.60  163.47656   -30.60  163.47656     -2.80   163.47656     -2.40
 163.67188   -31.70  163.67188   -30.10  163.67188     -2.50   163.67188     -2.60
 163.86719   -33.90  163.86719   -30.30  163.86719     -3.00   163.86719     -2.80
 164.06250   -33.80  164.06250   -31.70  164.06250     -2.70   164.06250     -3.00
 164.25781   -33.60  164.25781   -32.90  164.25781     -2.80   164.25781     -3.10
 164.45312   -34.00  164.45312   -33.60  164.45312     -2.60   164.45312     -2.60
 164.64844   -34.50  164.64844   -34.80  164.64844     -2.60   164.64844     -2.80
 164.84375   -35.00  164.84375   -34.80  164.84375     -2.30   164.84375     -2.70
 165.03906   -36.60  165.03906   -35.20  165.03906     -3.30   165.03906     -2.50
 165.23438   -37.30  165.23438   -35.10  165.23438     -3.40   165.23438     -2.60
 165.42969   -36.80  165.42969   -35.90  165.42969     -1.20   165.42969     -1.20
 165.62500   -36.10  165.62500   -37.00  165.62500     -3.60   165.62500     -2.50
 165.82031   -35.70  165.82031   -38.00  165.82031     -2.50   165.82031     -2.40
 166.01562   -35.90  166.01562   -37.20  166.01562     -3.30   166.01562     -2.60
 166.21094   -36.90  166.21094   -36.30  166.21094     -3.20   166.21094     -2.60
 166.40625   -37.60  166.40625   -36.30  166.40625     -3.20   166.40625     -2.80
 166.60156   -38.00  166.60156   -37.20  166.60156     -3.50   166.60156     -2.50
 166.79688   -38.70  166.79688   -37.30  166.79688     -3.20   166.79688     -2.50
 166.99219   -37.40  166.99219   -38.70  166.99219     -0.90   166.99219     -2.60
 167.18750   -37.10  167.18750   -39.30  167.18750     -3.00   167.18750     -1.70
 167.38281   -38.00  167.38281   -38.40  167.38281     -4.00   167.38281     -2.80
 167.57812   -38.00  167.57812   -39.10  167.57812     -3.00   167.57812     -2.30
 167.77344   -40.10  167.77344   -39.40  167.77344     -2.50   167.77344     -2.20
 167.96875   -41.60  167.96875   -39.70  167.96875     -2.80   167.96875     -2.70
 168.16406   -41.70  168.16406   -40.70  168.16406     -2.30   168.16406     -2.80
 168.35938   -41.40  168.35938   -40.90  168.35938     -2.20   168.35938     -2.40
 168.55469   -40.90  168.55469   -40.70  168.55469     -1.90   168.55469     -3.10
 168.75000   -41.30  168.75000   -41.40  168.75000     -2.70   168.75000     -3.30
 168.94531   -41.30  168.94531   -40.80  168.94531     -2.70   168.94531     -2.80
 169.14062   -41.80  169.14062   -41.20  169.14062     -2.90   169.14062     -3.30
 169.33594   -43.20  169.33594   -41.50  169.33594     -3.30   169.33594     -2.50
 169.53125   -43.40  169.53125   -40.90  169.53125     -3.10   169.53125     -2.10
 169.72656   -44.00  169.72656   -41.30  169.72656     -2.70   169.72656     -2.40
 169.92188   -43.00  169.92188   -41.50  169.92188     -2.80   169.92188     -2.40
 170.11719   -43.10  170.11719   -41.50  170.11719     -2.60   170.11719     -2.60
 170.31250   -43.50  170.31250   -42.30  170.31250     -2.80   170.31250     -2.30
 170.50781   -42.90  170.50781   -42.90  170.50781     -2.50   170.50781     -2.70
 170.70312   -44.10  170.70312   -42.80  170.70312     -2.40   170.70312     -3.10
 170.89844   -43.90  170.89844   -42.60  170.89844     -2.20   170.89844     -1.90
 171.09375   -44.40  171.09375   -42.90  171.09375     -2.60   171.09375     -1.60
 171.28906   -44.90  171.28906   -43.00  171.28906     -2.10   171.28906     -1.50
 171.48438   -44.80  171.48438   -43.80  171.48438     -2.20   171.48438     -1.20
 171.67969   -44.40  171.67969   -41.60  171.67969     -2.20   171.67969     -1.90
 171.87500   -44.50  171.87500   -36.70  171.87500     -2.90   171.87500     -2.20
 172.07031   -44.00  172.07031   -20.70  172.07031     -3.50   172.07031     -3.20
 172.26562   -44.00  172.26562    -8.20  172.26562     -3.50   172.26562     -2.40
 172.46094   -42.70  172.46094    18.80  172.46094     -3.00   172.46094     -2.60
 172.65625   -39.80  172.65625    30.80  172.65625     -3.30   172.65625     -2.70
 172.85156    -6.60  172.85156    70.10  172.85156     10.60   172.85156     11.00
 173.04688     2.40  173.04688    75.90  173.04688     10.40   173.04688     11.00
 173.24219    21.20  173.24219    74.30  173.24219     -1.90   173.24219     -2.30
 173.43750    36.60  173.43750    68.90  173.43750     -2.50   173.43750     -1.40
 173.63281    61.20  173.63281    55.30  173.63281     -3.40   173.63281     -1.80
 173.82812    66.60  173.82812    48.40  173.82812     -3.00   173.82812     -2.70
 174.02344    75.80  174.02344    31.00  174.02344     -2.70   174.02344     -2.40
 174.21875    74.90  174.21875    25.00  174.21875     -2.60   174.21875     -2.60
 174.41406    60.70  174.41406    21.30  174.41406     -2.20   174.41406     -2.60
 174.60938    53.30  174.60938    20.60  174.60938     -2.30   174.60938     -3.30
 174.80469    33.40  174.80469    21.70  174.80469     -2.60   174.80469     -2.40
 175.00000    25.90  175.00000    21.20  175.00000     -2.90   175.00000     -2.80
 175.19531    22.90  175.19531    21.10  175.19531     -2.90   175.19531     -3.10
 175.39062    23.10  175.39062    20.70  175.39062     -1.90   175.39062     -2.90
 175.58594    22.50  175.58594    22.00  175.58594     -2.60   175.58594     -2.00
 175.78125    23.00  175.78125    21.50  175.78125     -2.60   175.78125     -2.10
 175.97656    22.80  175.97656    21.10  175.97656     -2.70   175.97656     -2.00
 176.17188    23.20  176.17188    20.70  176.17188     -2.30   176.17188     -1.80
 176.36719    22.10  176.36719    20.70  176.36719     -2.90   176.36719     -2.20
 176.56250    21.60  176.56250    20.00  176.56250     -3.30   176.56250     -2.30
 176.75781    21.60  176.75781    19.70  176.75781     -3.30   176.75781     -3.60
 176.95312    21.50  176.95312    19.10  176.95312     -2.20   176.95312     -2.90
 177.14844    22.00  177.14844    18.40  177.14844     -2.40   177.14844     -2.90
 177.34375    21.90  177.34375    17.80  177.34375     -2.80   177.34375     -3.20
 177.53906    21.30  177.53906    15.70  177.53906     -2.30   177.53906     -1.90
 177.73438    20.60  177.73438    14.90  177.73438     -2.40   177.73438     -1.90
 177.92969    20.10  177.92969    12.40  177.92969     -2.00   177.92969     -1.90
 178.12500    18.70  178.12500    10.50  178.12500     -2.60   178.12500     -2.30
 178.32031    16.90  178.32031    10.70  178.32031     -2.80   178.32031     -2.50
 178.51562    16.20  178.51562    11.80  178.51562     -2.00   178.51562     -2.70
 178.71094    13.90  178.71094    16.20  178.71094     -2.70   178.71094     -2.50
 178.90625    13.30  178.90625    19.80  178.90625     -3.60   178.90625     -1.70
 179.10156    11.40  179.10156    28.00  179.10156     -3.10   179.10156     -3.30
 179.29688    10.40  179.29688    30.60  179.29688     -3.20   179.29688     -2.20
 179.49219    12.10  179.49219    35.70  179.49219     -2.50   179.49219     -2.80
 179.68750    14.30  179.68750    36.80  179.68750     -2.10   179.68750     -2.50
 179.88281    23.30  179.88281    37.10  179.88281     -2.70   179.88281     -2.20
 180.07812    26.10  180.07812    36.30  180.07812     -2.00   180.07812     -1.90
 180.27344    34.10  180.27344    33.50  180.27344     -1.80   180.27344     -2.40
 180.46875    37.70  180.46875    32.50  180.46875     -2.30   180.46875     -2.20
 180.66406    39.70  180.66406    30.20  180.66406     -2.20   180.66406     -2.20
 180.85938    39.30  180.85938    29.70  180.85938     -2.80   180.85938     -3.10
 181.05469    38.70  181.05469    27.10  181.05469     -2.90   181.05469     -1.90
 181.25000    37.30  181.25000    26.00  181.25000     -3.30   181.25000     -2.80
 181.44531    33.50  181.44531    23.60  181.44531     -3.50   181.44531     -2.40
 181.64062    31.80  181.64062    23.10  181.64062     -2.90   181.64062     -2.50
 181.83594    28.70  181.83594    21.70  181.83594     -3.00   181.83594     -2.00
 182.03125    27.00  182.03125    21.30  182.03125     -2.80   182.03125     -2.20
 182.22656    25.40  182.22656    19.50  182.22656     -2.10   182.22656     -1.80
 182.42188    25.00  182.42188    19.50  182.42188     -2.00   182.42188     -1.50
 182.61719    23.80  182.61719    19.70  182.61719     -2.20   182.61719     -1.90
 182.81250    23.00  182.81250    19.90  182.81250     -3.60   182.81250     -2.30
 183.00781    21.80  183.00781    22.40  183.00781     -2.90   183.00781     -2.50
 183.20312    21.70  183.20312    23.80  183.20312     -2.50   183.20312     -2.10
 183.39844    19.10  183.39844    27.40  183.39844     -2.30   183.39844     -2.90
 183.59375    18.60  183.59375    29.00  183.59375     -2.60   183.59375     -2.70
 183.78906    18.80  183.78906    33.70  183.78906     -1.90   183.78906     -2.10
 183.98438    20.00  183.98438    35.40  183.98438     -2.80   183.98438     -1.60
 184.17969    22.20  184.17969    36.40  184.17969     -2.90   184.17969     -2.20
 184.37500    24.00  184.37500    34.40  184.37500     -3.30   184.37500     -2.70
 184.57031    28.50  184.57031    21.30  184.57031     -2.80   184.57031     -2.20
 184.76562    30.10  184.76562    12.60  184.76562     -2.30   184.76562     -1.40
 184.96094    34.40  184.96094    -5.90  184.96094     -1.90   184.96094     -2.10
 185.15625    32.90  185.15625    -9.50  185.15625     -2.70   185.15625     -2.40
 185.35156    24.20  185.35156   -17.00  185.35156     -1.90   185.35156     -3.40
 185.54688    17.00  185.54688   -19.40  185.54688     -2.00   185.54688     -2.90
 185.74219    -1.60  185.74219   -31.00  185.74219     -3.40   185.74219     -3.10
 185.93750    -9.30  185.93750   -34.40  185.93750     -2.50   185.93750     -3.10
 186.13281   -19.90  186.13281   -32.30  186.13281     -2.90   186.13281     -2.80
 186.32812   -23.80  186.32812   -29.90  186.32812     -3.20   186.32812     -2.70
 186.52344   -34.10  186.52344   -18.80  186.52344     -3.00   186.52344     -2.20
 186.71875   -37.80  186.71875   -13.00  186.71875     -3.00   186.71875     -2.20
 186.91406   -36.20  186.91406   -12.30  186.91406     -1.70   186.91406     -2.80
 187.10938   -33.70  187.10938   -14.00  187.10938     -2.40   187.10938     -2.10
 187.30469   -21.80  187.30469   -24.90  187.30469     -2.60   187.30469     -1.20
 187.50000   -17.00  187.50000   -28.90  187.50000     -2.00   187.50000     -1.40
 187.69531   -13.60  187.69531   -32.00  187.69531     -2.40   187.69531     -2.00
 187.89062   -15.20  187.89062   -32.90  187.89062     -2.20   187.89062     -1.80
 188.08594   -21.90  188.08594   -32.30  188.08594     -1.80   188.08594     -2.90
 188.28125   -25.00  188.28125   -32.60  188.28125     -2.90   188.28125     -2.00
 188.47656   -29.60  188.47656   -31.30  188.47656     -2.60   188.47656     -2.60
 188.67188   -32.10  188.67188   -30.60  188.67188     -2.70   188.67188     -1.90
 188.86719   -33.00  188.86719   -31.00  188.86719     -3.10   188.86719     -2.10
 189.06250   -33.20  189.06250   -31.90  189.06250     -3.60   189.06250     -2.80
 189.25781   -34.70  189.25781   -34.10  189.25781     -3.50   189.25781     -2.30
 189.45312   -34.60  189.45312   -34.80  189.45312     -3.40   189.45312     -2.80
 189.64844   -34.70  189.64844   -34.90  189.64844     -2.40   189.64844     -2.10
 189.84375   -34.10  189.84375   -35.20  189.84375     -2.60   189.84375     -2.70
 190.03906   -35.60  190.03906   -34.70  190.03906     -2.70   190.03906     -2.40
 190.23438   -36.70  190.23438   -35.30  190.23438     -3.10   190.23438     -2.70
 190.42969   -35.90  190.42969   -36.80  190.42969     -2.90   190.42969     -1.40
 190.62500   -35.90  190.62500   -36.50  190.62500     -3.00   190.62500     -2.80
 190.82031   -35.20  190.82031   -37.90  190.82031     -2.90   190.82031     -2.40
 191.01562   -35.50  191.01562   -37.60  191.01562     -3.20   191.01562     -2.10
 191.21094   -36.60  191.21094   -36.90  191.21094     -3.20   191.21094     -2.70
 191.40625   -37.40  191.40625   -36.00  191.40625     -2.80   191.40625     -1.90
 191.60156   -37.40  191.60156   -36.90  191.60156     -3.00   191.60156     -1.80
 191.79688   -37.90  191.79688   -37.70  191.79688     -2.80   191.79688     -2.00
 191.99219   -37.30  191.99219   -38.90  191.99219     -3.50   191.99219     -1.80
 192.18750   -37.40  192.18750   -39.70  192.18750     -3.10   192.18750     -2.60
 192.38281   -36.40  192.38281   -39.20  192.38281     -2.20   192.38281     -2.10
 192.57812   -37.60  192.57812   -39.40  192.57812     -2.60   192.57812     -2.70
 192.77344   -38.70  192.77344   -38.90  192.77344     -2.10   192.77344     -2.40
 192.96875   -40.30  192.96875   -39.00  192.96875     -2.70   192.96875     -2.10
 193.16406   -41.30  193.16406   -39.80  193.16406     -2.40   193.16406     -1.00
 193.35938   -41.30  193.35938   -40.20  193.35938     -2.50   193.35938     -1.70
 193.55469   -41.50  193.55469   -41.60  193.55469     -1.90   193.55469     -2.40
 193.75000   -41.50  193.75000   -40.80  193.75000     -2.80   193.75000     -1.80
 193.94531   -41.30  193.94531   -41.30  193.94531     -2.90   193.94531     -3.10
 194.14062   -42.20  194.14062   -41.40  194.14062     -2.30   194.14062     -2.00
 194.33594   -42.80  194.33594   -40.80  194.33594     -2.80   194.33594     -2.30
 194.53125   -43.50  194.53125   -41.60  194.53125     -2.70   194.53125     -2.70
 194.72656   -44.20  194.72656   -41.70  194.72656     -2.50   194.72656     -1.60
 194.92188   -44.30  194.92188   -42.00  194.92188     -2.90   194.92188     -2.10
 195.11719   -43.50  195.11719   -42.00  195.11719     -2.00   195.11719     -2.80
 195.31250   -42.90  195.31250   -41.80  195.31250     -2.30   195.31250     -1.70
 195.50781   -42.70  195.50781   -42.00  195.50781     -2.60   195.50781     -2.30
 195.70312   -42.70  195.70312   -42.20  195.70312     -2.40   195.70312     -1.30
 195.89844   -43.80  195.89844   -43.00  195.89844     -1.80   195.89844     -2.30
 196.09375   -44.10  196.09375   -43.20  196.09375     -2.30   196.09375     -1.80
 196.28906   -43.80  196.28906   -43.50  196.28906     -2.70   196.28906     -2.00
 196.48438   -44.90  196.48438   -44.00  196.48438     -1.50   196.48438     -2.30
 196.67969   -43.40  196.67969   -41.80  196.67969     -2.50   196.67969     -3.10
 196.87500   -44.20  196.87500   -38.70  196.87500     -2.40   196.87500     -3.00
 197.07031   -44.70  197.07031   -23.70  197.07031     -2.00   197.07031     -3.00
 197.26562   -44.90  197.26562   -13.00  197.26562     -2.70   197.26562     -3.10
 197.46094   -43.90  197.46094    13.50  197.46094     -2.80   197.46094     -2.90
 197.65625   -40.80  197.65625    28.70  197.65625     -3.00   197.65625     -2.50
 197.85156   -22.80  197.85156    53.20  197.85156     -3.70   197.85156     -2.00
 198.04688   -11.90  198.04688    60.20  198.04688     -2.80   198.04688     -2.00
 198.24219    15.20  198.24219    68.80  198.24219     -2.80   198.24219     -2.70
 198.43750    35.10  198.43750    70.30  198.43750     -3.00   198.43750     -2.40
 198.63281    57.50  198.63281    60.50  198.63281     -2.70   198.63281     -2.90
 198.82812    64.00  198.82812    52.90  198.82812     -2.70   198.82812     -2.10
 199.02344    76.30  199.02344    32.70  199.02344     -2.40   199.02344     -1.90
 199.21875    77.30  199.21875    26.00  199.21875     -2.70   199.21875     -2.80
 199.41406    64.40  199.41406    21.00  199.41406     -2.30   199.41406     -2.40
 199.60938    53.60  199.60938    21.30  199.60938     -2.60   199.60938     -2.80
 199.80469    32.50  199.80469    22.30  199.80469     -2.70   199.80469     -3.10
