   0.00000    51.80    0.00000    24.60    0.00000     -2.80     0.00000     -1.30
   0.19531  -140.50    0.19531  -143.30    0.19531   -140.30     0.19531   -143.90
   0.39062    53.10    0.39062    23.90    0.39062     -3.00     0.39062     -2.50
   0.58594    44.20    0.58594    26.00    0.58594     -3.90     0.58594     -3.00
   0.78125    28.40    0.78125    31.80    0.78125     -3.70     0.78125     -1.00
   0.97656    23.70    0.97656    35.20    0.97656     -3.10     0.97656     -0.10
   1.17188    21.30    1.17188    39.80    1.17188     -3.40     1.17188     -2.10
   1.36719    21.30    1.36719    39.40    1.36719     -3.10     1.36719     -2.00
   1.56250    22.10    1.56250    36.30    1.56250     -3.10     1.56250     -1.90
   1.75781    21.20    1.75781    29.90    1.75781     -2.70     1.75781     -2.70
   1.95312    20.70    1.95312    15.80    1.95312     -2.70     1.95312     -2.40
   2.14844    20.80    2.14844     4.70    2.14844     -3.30     2.14844     -2.60
   2.34375    20.50    2.34375    -8.40    2.34375     -1.50     2.34375     -3.20
   2.53906    21.20    2.53906   -12.50    2.53906     -1.80     2.53906     -2.70
   2.73438    21.50    2.73438   -17.10    2.73438     -1.90     2.73438     -3.10
   2.92969    21.20    2.92969   -22.30    2.92969     -3.10     2.92969     -3.20
   3.12500    20.50    3.12500   -30.60    3.12500     -3.30     3.12500     -3.00
   3.32031    20.70    3.32031   -33.50    3.32031     -3.10     3.32031     -1.70
   3.51562    20.40    3.51562   -30.70    3.51562     -3.10     3.51562     -1.50
   3.71094    19.50    3.71094   -25.80    3.71094     -2.80     3.71094     -2.80
   3.90625    17.00    3.90625   -14.80    3.90625     -2.80     3.90625     -2.00
   4.10156    15.80    4.10156   -11.20    4.10156     -2.80     4.10156     -2.20
   4.29688    13.10    4.29688   -13.20    4.29688     -3.30     4.29688     -2.70
   4.49219     9.70    4.49219   -18.60    4.49219     -3.00     4.49219     -2.90
   4.68750     7.00    4.68750   -27.20    4.68750     -2.00     4.68750     -3.30
   4.88281     6.10    4.88281   -31.00    4.88281     -2.80     4.88281     -2.50
   5.07812     6.60    5.07812   -32.90    5.07812     -1.70     5.07812     -3.30
   5.27344    10.10    5.27344   -32.80    5.27344     -3.00     5.27344     -2.60
   5.46875    18.20    5.46875   -31.20    5.46875     -2.30     5.46875     -2.80
   5.66406    23.30    5.66406   -31.30    5.66406     -2.20     5.66406     -2.70
   5.85938    33.10    5.85938   -31.20    5.85938     -2.20     5.85938     -2.70
   6.05469    37.40    6.05469   -31.00    6.05469     -2.10     6.05469     -2.50
   6.25000    41.10    6.25000   -31.50    6.25000     -3.70     6.25000     -2.40
   6.44531    41.90    6.44531   -31.80    6.44531     -3.50     6.44531     -2.40
   6.64062    39.90    6.64062   -32.90    6.64062     -2.70     6.64062     -2.80
   6.83594    37.70    6.83594   -33.30    6.83594     -3.40     6.83594     -3.20
   7.03125    33.10    7.03125   -33.30    7.03125     -2.60     7.03125     -2.10
   7.22656    31.10    7.22656   -32.80    7.22656     -2.30     7.22656     -3.20
   7.42188    28.60    7.42188   -33.70    7.42188     -2.80     7.42188     -2.20
   7.61719    26.70    7.61719   -34.80    7.61719     -3.00     7.61719     -2.20
   7.81250    25.40    7.81250   -36.10    7.81250     -3.10     7.81250     -2.60
   8.00781    24.40    8.00781   -36.70    8.00781     -3.50     8.00781     -1.30
   8.20312    23.90    8.20312   -36.20    8.20312     -3.20     8.20312     -2.10
   8.39844    22.40    8.39844   -35.70    8.39844     -2.40     8.39844     -2.30
   8.59375    20.50    8.59375   -35.20    8.59375     -2.40     8.59375     -2.90
   8.78906    19.30    8.78906   -36.10    8.78906     -2.90     8.78906     -3.00
   8.98438    16.30    8.98438   -36.80    8.98438     -3.20     8.98438     -2.60
   9.17969    15.50    9.17969   -37.10    9.17969     -3.40     9.17969     -2.90
   9.37500    15.80    9.37500   -37.60    9.37500     -3.00     9.37500     -2.40
   9.57031    17.40    9.57031   -37.70    9.57031     -2.60     9.57031     -1.90
   9.76562    19.00    9.76562   -38.60    9.76562     -2.80     9.76562     -3.10
   9.96094    21.50    9.96094   -38.50    9.96094     -2.90     9.96094     -2.90
  10.15625    26.80   10.15625   -39.40   10.15625     -2.20    10.15625     -2.90
  10.35156    31.00   10.35156   -40.00   10.35156     -4.00    10.35156     -3.50
  10.54688    35.40   10.54688   -40.70   10.54688     -2.20    10.54688     -2.20
  10.74219    37.20   10.74219   -40.80   10.74219     -3.70    10.74219     -2.90
  10.93750    34.60   10.93750   -40.00   10.93750     -3.10    10.93750     -2.90
  11.13281    28.00   11.13281   -40.30   11.13281     -3.20    11.13281     -2.30
  11.32812    11.70   11.32812   -40.80   11.32812     -2.80    11.32812     -2.00
  11.52344     2.50   11.52344   -40.80   11.52344     -1.70    11.52344     -2.50
  11.71875    -9.30   11.71875   -40.30   11.71875     -2.70    11.71875     -2.50
  11.91406   -14.60   11.91406   -40.60   11.91406     -2.50    11.91406     -2.20
  12.10938   -24.60   12.10938   -40.40   12.10938     -2.70    12.10938     -0.50
  12.30469   -30.90   12.30469   -41.20   12.30469     -3.00    12.30469     -3.10
  12.50000   -36.50   12.50000   -41.60   12.50000     -3.00    12.50000     -2.50
  12.69531   -37.10   12.69531   -42.10   12.69531     -3.00    12.69531     -2.60
  12.89062   -31.00   12.89062   -42.00   12.89062     -2.60    12.89062     -2.90
  13.08594   -25.20   13.08594   -42.10   13.08594     -2.40    13.08594     -2.30
  13.28125   -14.90   13.28125   -42.20   13.28125     -2.30    13.28125     -2.80
  13.47656   -12.10   13.47656   -42.70   13.47656     -2.80    13.47656     -2.50
  13.67188   -14.10   13.67188   -42.60   13.67188     -3.00    13.67188     -2.80
  13.86719   -18.90   13.86719   -41.10   13.86719     -2.90    13.86719     -2.80
  14.06250   -25.30   14.06250   -30.00   14.06250     -2.50    14.06250     -3.00
  14.25781   -28.80   14.25781   -17.30   14.25781     -2.20    14.25781     -2.30
  14.45312   -31.70   14.45312     7.30   14.45312     -3.10    14.45312     -1.80
  14.64844   -32.60   14.64844    22.30   14.64844     -2.90    14.64844     -3.20
  14.84375   -32.90   14.84375    47.40   14.84375     -2.80    14.84375     -2.00
  15.03906   -33.40   15.03906    56.50   15.03906     -2.90    15.03906     -2.00
  15.23438   -32.70   15.23438    66.40   15.23438     -3.10    15.23438     -1.30
  15.42969   -32.80   15.42969    68.80   15.42969     -3.10    15.42969     -2.90
  15.62500   -34.40   15.62500    62.40   15.62500     -3.10    15.62500     -3.00
  15.82031   -35.10   15.82031    53.20   15.82031     -4.30    15.82031     -4.00
  16.01562   -35.80   16.01562    35.00   16.01562     -2.60    16.01562     -2.60
  16.21094   -36.30   16.21094    27.90   16.21094     -2.80    16.21094     -2.20
  16.40625   -35.60   16.40625    21.40   16.40625     -2.80    16.40625     -2.00
  16.60156   -35.00   16.60156    20.90   16.60156     -2.60    16.60156     -1.80
  16.79688   -34.90   16.79688    21.70   16.79688     -3.40    16.79688     -1.60
  16.99219   -36.20   16.99219    21.00   16.99219     -3.10    16.99219     -2.60
  17.18750   -37.50   17.18750    19.60   17.18750     -3.20    17.18750     -2.40
  17.38281   -37.90   17.38281    19.20   17.38281     -3.00    17.38281     -2.50
  17.57812   -38.00   17.57812    18.40   17.57812     -2.70    17.57812     -2.30
  17.77344   -37.60   17.77344    18.40   17.77344     -3.50    17.77344     -2.30
  17.96875   -36.40   17.96875    19.00   17.96875     -2.90    17.96875     -2.30
  18.16406   -36.50   18.16406    19.00   18.16406     -2.30    18.16406     -1.30
  18.35938   -37.10   18.35938    19.00   18.35938     -3.00    18.35938     -1.90
  18.55469   -38.30   18.55469    19.40   18.55469     -2.90    18.55469     -2.40
  18.75000   -39.90   18.75000    18.40   18.75000     -1.50    18.75000     -2.80
  18.94531   -40.90   18.94531    18.40   18.94531     -3.10    18.94531     -1.60
  19.14062   -40.80   19.14062    15.50   19.14062     -2.80    19.14062     -2.80
  19.33594   -41.40   19.33594    15.00   19.33594     -2.60    19.33594     -3.20
  19.53125   -41.30   19.53125    12.50   19.53125     -2.90    19.53125     -2.70
  19.72656   -41.70   19.72656    10.50   19.72656     -3.00    19.72656     -2.60
  19.92188   -41.30   19.92188     8.70   19.92188     -2.90    19.92188     -3.20
  20.11719   -42.20   20.11719     8.00   20.11719     -2.30    20.11719     -3.20
  20.31250   -42.60   20.31250     9.00   20.31250     -3.00    20.31250     -2.80
  20.50781   -43.50   20.50781    11.20   20.50781     -2.80    20.50781     -1.00
  20.70312   -43.20   20.70312    18.90   20.70312     -2.30    20.70312     -2.10
  20.89844   -42.70   20.89844    22.90   20.89844     -2.40    20.89844     -1.70
  21.09375   -42.70   21.09375    30.80   21.09375     -3.00    21.09375     -2.70
  21.28906   -42.50   21.28906    34.30   21.28906     -2.60    21.28906     -3.10
  21.48438   -43.70   21.48438    38.70   21.48438     -2.10    21.48438     -2.10
  21.67969   -44.20   21.67969    38.20   21.67969     -3.30    21.67969     -3.60
  21.87500   -44.10   21.87500    36.00   21.87500     -3.20    21.87500     -3.00
  22.07031   -44.40   22.07031    35.90   22.07031     -2.10    22.07031     -2.60
  22.26562   -43.60   22.26562    32.80   22.26562     -2.20    22.26562     -3.10
  22.46094   -43.90   22.46094    30.90   22.46094     -2.50    22.46094     -2.80
  22.65625   -43.20   22.65625    28.30   22.65625     -2.40    22.65625     -3.60
  22.85156   -43.30   22.85156    27.10   22.85156     -3.80    22.85156     -2.10
  23.04688   -43.40   23.04688    25.80   23.04688     -3.00    23.04688     -2.30
  23.24219   -42.00   23.24219    24.40   23.24219     -3.00    23.24219     -1.70
  23.43750   -29.90   23.43750    22.60   23.43750     -3.30    23.43750     -2.50
  23.63281   -15.80   23.63281    20.10   23.63281     -2.20    23.63281     -2.70
  23.82812     6.90   23.82812    18.50   23.82812     -3.20    23.82812     -2.10
  24.02344    24.80   24.02344    17.80   24.02344     -2.40    24.02344     -2.30
  24.21875    51.30   24.21875    15.60   24.21875     -2.90    24.21875     -2.40
  24.41406    62.70   24.41406    15.60   24.41406     -2.50    24.41406     -2.10
  24.60938    72.10   24.60938    16.40   24.60938     -3.10    24.60938     -2.80
  24.80469    73.70   24.80469    18.00   24.80469     -2.50    24.80469     -2.30
  25.00000    65.90   25.00000    21.30   25.00000     -2.30    25.00000     -1.50
  25.19531    51.40   25.19531    24.30   25.19531     -3.20    25.19531     -2.50
  25.39062    35.30   25.39062    28.50   25.39062     -2.90    25.39062     -2.80
  25.58594    26.80   25.58594    31.40   25.58594     -4.00    25.58594     -3.10
  25.78125    21.30   25.78125    37.10   25.78125     -3.10    25.78125     -2.40
  25.97656    21.90   25.97656    37.20   25.97656     -2.40    25.97656     -2.70
  26.17188    22.40   26.17188    38.70   26.17188     -2.70    26.17188     -2.70
  26.36719    22.30   26.36719    38.80   26.36719     -2.80    26.36719     -2.00
  26.56250    22.00   26.56250    28.30   26.56250     -2.50    26.56250     -2.20
  26.75781    22.00   26.75781    15.80   26.75781     -2.40    26.75781     -0.70
  26.95312    21.00   26.95312     1.30   26.95312     -2.00    26.95312     -2.00
  27.14844    21.20   27.14844    -7.20   27.14844     -2.70    27.14844     -1.60
  27.34375    20.40   27.34375   -12.80   27.34375     -2.80    27.34375     -1.70
  27.53906    20.80   27.53906   -15.90   27.53906     -3.00    27.53906     -2.30
  27.73438    20.50   27.73438   -24.20   27.73438     -3.00    27.73438     -2.00
  27.92969    20.60   27.92969   -29.40   27.92969     -2.80    27.92969     -2.10
  28.12500    19.80   28.12500   -33.70   28.12500     -3.30    28.12500     -1.60
  28.32031    19.50   28.32031   -31.90   28.32031     -1.90    28.32031     -3.00
  28.51562    18.20   28.51562   -22.50   28.51562     -3.10    28.51562     -2.30
  28.71094    17.00   28.71094   -15.60   28.71094     -2.80    28.71094     -2.20
  28.90625    15.90   28.90625   -11.10   28.90625     -2.80    28.90625     -2.50
  29.10156    13.10   29.10156   -12.20   29.10156     -2.80    29.10156     -2.50
  29.29688     9.20   29.29688   -19.30   29.29688     -2.10    29.29688     -2.00
  29.49219     8.00   29.49219   -24.00   29.49219     -2.00    29.49219     -1.70
  29.68750     6.60   29.68750   -30.70   29.68750     -1.60    29.68750     -1.80
  29.88281     6.80   29.88281   -32.90   29.88281     -1.40    29.88281     -2.60
  30.07812    11.20   30.07812   -32.30   30.07812     -1.90    30.07812     -2.70
  30.27344    16.20   30.27344   -31.30   30.27344     -2.30    30.27344     -2.00
  30.46875    26.30   30.46875   -30.30   30.46875     -3.20    30.46875     -2.90
  30.66406    32.00   30.66406   -30.70   30.66406     -2.70    30.66406     -2.20
  30.85938    39.00   30.85938   -31.10   30.85938     -2.40    30.85938     -2.50
  31.05469    41.00   31.05469   -32.50   31.05469     -2.80    31.05469     -2.90
  31.25000    41.60   31.25000   -33.70   31.25000     -2.00    31.25000     -2.90
  31.44531    39.20   31.44531   -34.20   31.44531     -2.50    31.44531     -3.10
  31.64062    35.80   31.64062   -33.10   31.64062     -2.30    31.64062     -2.40
  31.83594    33.60   31.83594   -33.10   31.83594     -3.00    31.83594     -2.80
  32.03125    30.00   32.03125   -32.90   32.03125     -3.90    32.03125     -2.10
  32.22656    28.60   32.22656   -33.60   32.22656     -3.40    32.22656     -2.40
  32.42188    26.30   32.42188   -35.50   32.42188     -3.30    32.42188     -2.60
  32.61719    25.70   32.61719   -35.70   32.61719     -3.30    32.61719     -2.10
  32.81250    23.90   32.81250   -37.00   32.81250     -2.90    32.81250     -2.70
  33.00781    23.30   33.00781   -37.20   33.00781     -3.30    33.00781     -3.00
  33.20312    21.90   33.20312   -35.90   33.20312     -2.30    33.20312     -2.50
  33.39844    20.80   33.39844   -35.70   33.39844     -3.30    33.39844     -3.10
  33.59375    18.40   33.59375   -35.60   33.59375     -1.40    33.59375     -3.10
  33.78906    16.70   33.78906   -36.50   33.78906     -3.20    33.78906     -2.90
  33.98438    15.50   33.98438   -37.50   33.98438     -3.30    33.98438     -3.30
  34.17969    15.40   34.17969   -37.50   34.17969     -2.50    34.17969     -2.30
  34.37500    16.80   34.37500   -37.80   34.37500     -1.60    34.37500     -3.10
  34.57031    19.40   34.57031   -38.20   34.57031     -2.50    34.57031     -2.20
  34.76562    21.90   34.76562   -38.50   34.76562     -2.20    34.76562     -2.50
  34.96094    25.50   34.96094   -38.80   34.96094     -2.20    34.96094     -2.50
  35.15625    31.50   35.15625   -39.40   35.15625     -2.90    35.15625     -3.10
  35.35156    35.00   35.35156   -40.90   35.35156     -3.00    35.35156     -2.80
  35.54688    37.20   35.54688   -40.90   35.54688     -2.70    35.54688     -2.60
  35.74219    37.40   35.74219   -40.10   35.74219     -3.10    35.74219     -2.40
  35.93750    29.80   35.93750   -39.20   35.93750     -3.10    35.93750     -2.90
  36.13281    19.00   36.13281   -39.50   36.13281     -3.10    36.13281     -2.20
  36.32812     4.10   36.32812   -39.60   36.32812     -2.60    36.32812     -2.30
  36.52344    -3.40   36.52344   -40.90   36.52344     -2.60    36.52344     -2.00
  36.71875   -13.50   36.71875   -40.60   36.71875     -2.60    36.71875     -3.00
  36.91406   -17.70   36.91406   -41.00   36.91406     -3.70    36.91406     -2.70
  37.10938   -28.20   37.10938   -40.90   37.10938     -3.00    37.10938     -2.40
  37.30469   -34.80   37.30469   -41.90   37.30469     -3.50    37.30469     -2.70
  37.50000   -37.70   37.50000   -41.50   37.50000     -3.20    37.50000     -1.50
  37.69531   -36.40   37.69531   -42.00   37.69531     -3.50    37.69531     -2.50
  37.89062   -27.60   37.89062   -42.50   37.89062     -2.70    37.89062     -1.90
  38.08594   -21.10   38.08594   -42.20   38.08594     -2.80    38.08594     -2.50
  38.28125   -13.00   38.28125   -42.80   38.28125     -2.50    38.28125     -3.30
  38.47656   -12.50   38.47656   -43.50   38.47656     -2.40    38.47656     -3.30
  38.67188   -17.50   38.67188   -41.70   38.67188     -2.80    38.67188     -2.70
  38.86719   -20.90   38.86719   -38.60   38.86719     -2.20    38.86719     -1.20
  39.06250   -27.10   39.06250   -22.70   39.06250     -2.30    39.06250     -1.70
  39.25781   -29.60   39.25781    -8.30   39.25781     -3.10    39.25781     -2.30
  39.45312   -31.90   39.45312    21.00   39.45312     -2.40    39.45312     -1.40
  39.64844   -32.20   39.64844    35.30   39.64844     -2.70    39.64844     -2.20
  39.84375   -32.30   39.84375    54.50   39.84375     -3.00    39.84375     -2.50
  40.03906   -32.30   40.03906    63.10   40.03906     -2.90    40.03906     -2.60
  40.23438   -33.50   40.23438    69.20   40.23438     -2.90    40.23438     -2.40
  40.42969   -33.60   40.42969    69.40   40.42969     -2.70    40.42969     -2.60
  40.62500   -34.10   40.62500    59.70   40.62500     -2.30    40.62500     -2.90
  40.82031   -35.30   40.82031    47.30   40.82031     -2.20    40.82031     -2.60
  41.01562   -35.90   41.01562    31.50   41.01562     -2.70    41.01562     -1.90
  41.21094   -36.20   41.21094    23.70   41.21094     -2.10    41.21094     -1.90
  41.40625   -35.10   41.40625    21.00   41.40625     -2.40    41.40625     -2.80
  41.60156   -35.40   41.60156    20.70   41.60156     -2.60    41.60156     -3.30
  41.79688   -35.30   41.79688    21.00   41.79688     -3.60    41.79688     -3.00
  41.99219   -36.00   41.99219    20.10   41.99219     -1.90    41.99219     -0.70
  42.18750   -36.60   42.18750    19.60   42.18750     -3.10    42.18750     -2.30
  42.38281   -37.70   42.38281    19.10   42.38281     -3.40    42.38281     -2.60
  42.57812   -38.10   42.57812    19.00   42.57812     -3.40    42.57812     -2.70
  42.77344   -37.80   42.77344    18.40   42.77344     -2.50    42.77344      6.30
  42.96875   -37.50   42.96875    19.00   42.96875     -3.00    42.96875     -2.90
  43.16406   -37.70   43.16406    19.70   43.16406     -3.20    43.16406     -3.10
  43.35938   -37.30   43.35938    19.10   43.35938     -3.20    43.35938     -3.20
  43.55469   -38.40   43.55469    18.80   43.55469     -2.80    43.55469     -2.30
  43.75000   -39.60   43.75000    18.50   43.75000     -2.70    43.75000     -2.00
  43.94531   -40.60   43.94531    18.10   43.94531     -3.00    43.94531     -2.40
  44.14062   -41.00   44.14062    14.90   44.14062     -3.40    44.14062     -2.20
  44.33594   -41.40   44.33594    14.40   44.33594     -3.10    44.33594     -2.90
  44.53125   -41.00   44.53125    12.10   44.53125     -2.60    44.53125     -2.60
  44.72656   -40.20   44.72656     9.90   44.72656     -2.70    44.72656     -2.60
  44.92188   -41.00   44.92188     7.50   44.92188     -1.70    44.92188     -2.60
  45.11719   -42.20   45.11719     7.20   45.11719     -3.30    45.11719     -2.60
  45.31250   -42.40   45.31250     8.90   45.31250     -3.00    45.31250     -1.80
  45.50781   -42.80   45.50781    12.60   45.50781     -2.90    45.50781     -2.30
  45.70312   -43.10   45.70312    19.30   45.70312     -2.20    45.70312     -2.20
  45.89844   -42.80   45.89844    24.30   45.89844     -2.70    45.89844     -2.10
  46.09375   -42.50   46.09375    32.20   46.09375     -2.50    46.09375     -2.40
  46.28906   -42.80   46.28906    36.40   46.28906     -2.60    46.28906     -2.50
  46.48438   -42.90   46.48438    38.40   46.48438     -2.30    46.48438     -2.40
  46.67969   -43.30   46.67969    38.50   46.67969     -2.80    46.67969     -1.90
  46.87500   -43.20   46.87500    37.10   46.87500     -3.30    46.87500     -2.90
  47.07031   -43.30   47.07031    35.00   47.07031     -2.70    47.07031     -2.60
  47.26562   -43.60   47.26562    32.40   47.26562     -3.00    47.26562     -2.80
  47.46094   -43.80   47.46094    30.80   47.46094     -2.70    47.46094     -2.20
  47.65625   -43.50   47.65625    28.40   47.65625     -2.80    47.65625     -1.40
  47.85156   -45.00   47.85156    25.90   47.85156     -3.00    47.85156     -2.30
  48.04688   -43.80   48.04688    24.70   48.04688     -2.90    48.04688     -2.60
  48.24219   -41.50   48.24219    23.60   48.24219     -2.70    48.24219     -2.10
  48.43750   -29.30   48.43750    22.00   48.43750     -2.30    48.43750     -2.00
  48.63281   -16.50   48.63281    20.60   48.63281     -2.50    48.63281     -2.10
  48.82812    10.40   48.82812    18.70   48.82812     -2.30    48.82812     -2.80
  49.02344    27.40   49.02344    17.00   49.02344     -2.80    49.02344     -2.20
  49.21875    52.50   49.21875    15.90   49.21875     -2.90    49.21875     -2.60
  49.41406    63.10   49.41406    15.60   49.41406     -1.90    49.41406     -2.90
  49.60938    74.30   49.60938    16.50   49.60938     -3.00    49.60938     -2.00
  49.80469    74.40   49.80469    17.40   49.80469     -2.20    49.80469     -2.00
  50.00000    66.40   50.00000    20.30   50.00000     -2.70    50.00000     -2.40
  50.19531    54.70   50.19531    23.60   50.19531     -2.70    50.19531     -2.20
  50.39062    36.70   50.39062    29.30   50.39062     -2.50    50.39062     -2.80
  50.58594    28.50   50.58594    31.40   50.58594     -2.20    50.58594     -0.70
  50.78125    21.70   50.78125    36.60   50.78125     -2.10    50.78125     -2.50
  50.97656    21.60   50.97656    38.50   50.97656     -2.80    50.97656     -2.80
  51.17188    21.60   51.17188    40.50   51.17188     -2.70    51.17188     -1.90
  51.36719    21.30   51.36719    37.90   51.36719     -2.30    51.36719     -2.00
  51.56250    22.00   51.56250    25.50   51.56250     -1.90    51.56250     -2.90
  51.75781    21.00   51.75781    16.80   51.75781     -1.10    51.75781     -3.20
  51.95312    21.00   51.95312     0.50   51.95312     -2.30    51.95312     -2.30
  52.14844    21.10   52.14844    -6.40   52.14844     -3.10    52.14844     -2.30
  52.34375    21.60   52.34375   -14.30   52.34375     -2.90    52.34375     -1.70
  52.53906    21.60   52.53906   -18.00   52.53906     -3.00    52.53906     -2.70
  52.73438    21.20   52.73438   -26.30   52.73438     -2.70    52.73438     -2.80
  52.92969    20.30   52.92969   -30.20   52.92969     -3.10    52.92969     -1.70
  53.12500    19.40   53.12500   -32.90   53.12500     -2.30    53.12500     -1.80
  53.32031    19.30   53.32031   -31.40   53.32031     -3.30    53.32031     -2.90
  53.51562    18.10   53.51562   -23.30   53.51562     -3.00    53.51562     -2.20
  53.71094    17.10   53.71094   -17.70   53.71094     -2.50    53.71094     -1.80
  53.90625    15.60   53.90625   -10.30   53.90625     -2.60    53.90625     -2.20
  54.10156    13.20   54.10156   -11.20   54.10156     -2.20    54.10156     -3.30
  54.29688     9.50   54.29688   -18.90   54.29688     -2.80    54.29688     -3.20
  54.49219     7.90   54.49219   -23.90   54.49219     -2.10    54.49219     -2.10
  54.68750     6.30   54.68750   -31.30   54.68750     -3.10    54.68750     -2.50
  54.88281     6.80   54.88281   -32.70   54.88281     -2.90    54.88281     -2.50
  55.07812     9.80   55.07812   -32.90   55.07812     -2.60    55.07812     -3.80
  55.27344    13.20   55.27344   -31.70   55.27344     -3.30    55.27344     -4.30
  55.46875    23.80   55.46875   -29.10   55.46875     -2.80    55.46875     -2.80
  55.66406    30.30   55.66406   -30.90   55.66406     -2.50    55.66406     -2.90
  55.85938    38.40   55.85938   -31.00   55.85938     -2.20    55.85938     -2.10
  56.05469    41.30   56.05469   -31.20   56.05469     -2.50    56.05469     -2.80
  56.25000    42.70   56.25000   -32.00   56.25000     -2.30    56.25000     -2.30
  56.44531    40.90   56.44531   -32.90   56.44531     -3.20    56.44531     -2.20
  56.64062    38.20   56.64062   -33.70   56.64062     -2.50    56.64062     -2.70
  56.83594    35.40   56.83594   -33.50   56.83594     -3.30    56.83594     -2.60
  57.03125    31.20   57.03125   -34.10   57.03125     -2.40    57.03125     -2.60
  57.22656    28.60   57.22656   -34.10   57.22656     -2.60    57.22656     -3.10
  57.42188    26.40   57.42188   -34.50   57.42188     -3.00    57.42188     -2.90
  57.61719    26.40   57.61719   -34.80   57.61719     -3.20    57.61719     -2.70
  57.81250    24.50   57.81250   -36.40   57.81250     -3.30    57.81250     -2.20
  58.00781    24.30   58.00781   -36.80   58.00781     -2.70    58.00781     -2.90
  58.20312    22.60   58.20312   -36.10   58.20312     -2.40    58.20312     -2.10
  58.39844    20.90   58.39844   -35.30   58.39844     -2.90    58.39844     -2.80
  58.59375    19.10   58.59375   -36.00   58.59375     -2.70    58.59375     -2.60
  58.78906    17.10   58.78906   -35.90   58.78906     -3.30    58.78906     -4.20
  58.98438    15.10   58.98438   -37.70   58.98438     -3.20    58.98438     -2.90
  59.17969    15.80   59.17969   -37.50   59.17969     -3.00    59.17969     -2.30
  59.37500    16.70   59.37500   -38.30   59.37500     -2.80    59.37500     -3.10
  59.57031    17.80   59.57031   -38.80   59.57031     -2.40    59.57031     -2.50
  59.76562    23.10   59.76562   -39.80   59.76562     -2.50    59.76562     -2.00
  59.96094    24.90   59.96094   -39.50   59.96094     -2.10    59.96094     -2.30
  60.15625    30.90   60.15625   -39.70   60.15625     -2.80    60.15625     -2.30
  60.35156    34.10   60.35156   -40.50   60.35156     -2.40    60.35156     -2.80
  60.54688    36.80   60.54688   -40.10   60.54688     -2.30    60.54688     -2.50
  60.74219    37.20   60.74219   -39.50   60.74219     -3.10    60.74219     -2.70
  60.93750    30.90   60.93750   -39.70   60.93750     -2.50    60.93750     -2.90
  61.13281    20.40   61.13281   -40.10   61.13281     -1.50    61.13281     -1.30
  61.32812     4.40   61.32812   -40.30   61.32812     -2.00    61.32812     -2.70
  61.52344    -3.50   61.52344   -40.20   61.52344     -2.50    61.52344     -2.40
  61.71875   -13.60   61.71875   -40.30   61.71875     -1.70    61.71875     -2.50
  61.91406   -19.00   61.91406   -40.60   61.91406     -2.10    61.91406     -1.40
  62.10938   -29.40   62.10938   -41.30   62.10938     -1.60    62.10938     -1.30
  62.30469   -33.90   62.30469   -40.80   62.30469     -1.80    62.30469     -2.40
  62.50000   -38.00   62.50000   -41.90   62.50000     -2.80    62.50000     -2.40
  62.69531   -36.00   62.69531   -41.20   62.69531     -2.60    62.69531     -1.60
  62.89062   -26.40   62.89062   -41.90   62.89062     -2.90    62.89062     -2.10
  63.08594   -20.40   63.08594   -42.50   63.08594     -3.30    63.08594     -1.80
  63.28125   -13.00   63.28125   -41.90   63.28125     -3.10    63.28125     -1.90
  63.47656   -13.00   63.47656   -42.90   63.47656     -3.00    63.47656     -3.00
  63.67188   -17.40   63.67188   -41.80   63.67188     -2.80    63.67188     -3.40
  63.86719   -21.20   63.86719   -38.10   63.86719     -2.00    63.86719     -2.10
  64.06250   -28.00   64.06250   -23.50   64.06250     -2.90    64.06250     -2.40
  64.25781   -30.50   64.25781   -10.40   64.25781     -2.20    64.25781     -2.90
  64.45312   -32.50   64.45312    18.00   64.45312     -3.50    64.45312     -2.20
  64.64844   -32.10   64.64844    32.40   64.64844     -2.80    64.64844     -2.70
  64.84375   -32.60   64.84375    53.10   64.84375     -3.50    64.84375     -2.60
  65.03906   -33.00   65.03906    64.30   65.03906     -2.40    65.03906     -2.90
  65.23438   -34.00   65.23438    70.00   65.23438     -3.50    65.23438     -2.80
  65.42969   -34.20   65.42969    69.70   65.42969     -3.40    65.42969     -3.60
  65.62500   -35.10   65.62500    56.40   65.62500     -3.50    65.62500     -2.20
  65.82031   -36.00   65.82031    43.60   65.82031     -3.30    65.82031     -2.90
  66.01562   -36.70   66.01562    30.20   66.01562     -3.80    66.01562     -3.40
  66.21094   -36.30   66.21094    23.80   66.21094     -2.90    66.21094     -2.60
  66.40625   -36.30   66.40625    20.90   66.40625     -3.50    66.40625     -3.30
  66.60156   -35.50   66.60156    20.40   66.60156     -3.20    66.60156     -3.20
  66.79688   -35.90   66.79688    20.50   66.79688     -2.20    66.79688     -1.80
  66.99219   -36.40   66.99219    19.80   66.99219     -2.40    66.99219     -1.70
  67.18750   -38.30   67.18750    19.40   67.18750     -2.60    67.18750     -2.70
  67.38281   -37.90   67.38281    18.80   67.38281     -2.40    67.38281     -2.70
  67.57812   -38.30   67.57812    18.30   67.57812     -2.90    67.57812     -2.10
  67.77344   -38.10   67.77344    18.40   67.77344     -2.40    67.77344     -2.80
  67.96875   -36.60   67.96875    18.90   67.96875     -2.30    67.96875     -2.60
  68.16406   -37.20   68.16406    18.70   68.16406     -3.50    68.16406     -3.50
  68.35938   -37.50   68.35938    20.00   68.35938     -3.70    68.35938     -3.00
  68.55469   -38.80   68.55469    18.90   68.55469     -2.90    68.55469     -3.10
  68.75000   -39.20   68.75000    18.20   68.75000     -1.90    68.75000     -3.20
  68.94531   -40.50   68.94531    16.40   68.94531     -2.30    68.94531     -2.80
  69.14062   -40.50   69.14062    15.80   69.14062     -3.00    69.14062     -2.70
  69.33594   -40.90   69.33594    14.50   69.33594     -3.50    69.33594     -1.80
  69.53125   -40.30   69.53125    11.60   69.53125     -2.60    69.53125     -1.30
  69.72656   -40.90   69.72656    10.30   69.72656     -2.70    69.72656     -2.30
  69.92188   -41.40   69.92188     8.00   69.92188     -2.10    69.92188     -3.50
  70.11719   -42.30   70.11719     7.20   70.11719     -2.30    70.11719     -3.50
  70.31250   -42.60   70.31250     8.70   70.31250     -1.70    70.31250     -2.60
  70.50781   -43.20   70.50781    11.40   70.50781     -2.60    70.50781     -2.80
  70.70312   -42.60   70.70312    18.60   70.70312     -2.50    70.70312     -2.50
  70.89844   -42.50   70.89844    22.80   70.89844     -2.90    70.89844     -2.90
  71.09375   -42.10   71.09375    30.50   71.09375     -3.70    71.09375     -3.50
  71.28906   -42.70   71.28906    34.70   71.28906     -3.90    71.28906     -3.20
  71.48438   -43.30   71.48438    38.40   71.48438     -2.60    71.48438     -1.60
  71.67969   -43.40   71.67969    38.40   71.67969     -3.10    71.67969     -2.70
  71.87500   -43.80   71.87500    37.00   71.87500     -1.70    71.87500     -1.20
  72.07031   -43.90   72.07031    34.70   72.07031     -2.70    72.07031     -1.50
  72.26562   -43.50   72.26562    33.10   72.26562     -3.60    72.26562     -1.50
  72.46094   -43.30   72.46094    31.40   72.46094     -3.30    72.46094     -3.20
  72.65625   -43.60   72.65625    28.60   72.65625     -2.50    72.65625     -2.90
  72.85156   -43.30   72.85156    26.00   72.85156     -2.80    72.85156     -2.60
  73.04688   -42.00   73.04688    24.40   73.04688     -3.60    73.04688     -3.40
  73.24219   -39.90   73.24219    23.30   73.24219     -3.20    73.24219     -2.70
  73.43750   -28.80   73.43750    21.20   73.43750     -3.10    73.43750     -1.80
  73.63281   -15.00   73.63281    21.10   73.63281     -2.80    73.63281     -2.80
  73.82812    10.00   73.82812    18.70   73.82812     -2.60    73.82812     -2.30
  74.02344    27.20   74.02344    17.80   74.02344     -2.70    74.02344     -2.60
  74.21875    53.40   74.21875    15.90   74.21875     -2.30    74.21875     -1.80
  74.41406    64.40   74.41406    15.90   74.41406     -1.50    74.41406     -1.80
  74.60938    74.20   74.60938    17.40   74.60938     -2.80    74.60938     -1.60
  74.80469    73.90   74.80469    19.30   74.80469     -2.10    74.80469     -2.70
  75.00000    66.60   75.00000    20.50   75.00000     -2.50    75.00000     -2.90
  75.19531    54.70   75.19531    23.80   75.19531     -3.90    75.19531     -2.80
  75.39062    34.30   75.39062    28.80   75.39062     -2.60    75.39062     -2.70
  75.58594    27.30   75.58594    31.50   75.58594     -2.20    75.58594     -2.90
  75.78125    21.80   75.78125    37.20   75.78125     -2.20    75.78125     -2.10
  75.97656    20.80   75.97656    38.50   75.97656     -2.20    75.97656     -2.80
  76.17188    22.10   76.17188    39.80   76.17188     -2.80    76.17188     -2.60
  76.36719    22.50   76.36719    37.70   76.36719     -2.10    76.36719     -2.80
  76.56250    22.50   76.56250    26.30   76.56250     -2.40    76.56250     -2.30
  76.75781    22.00   76.75781    14.40   76.75781     -2.40    76.75781     -2.30
  76.95312    20.70   76.95312    -2.30   76.95312     -3.20    76.95312     -2.20
  77.14844    20.80   77.14844    -8.60   77.14844     -2.50    77.14844     -2.30
  77.34375    21.30   77.34375   -14.10   77.34375     -2.90    77.34375     -2.30
  77.53906    21.50   77.53906   -16.10   77.53906     -2.90    77.53906     -3.10
  77.73438    20.90   77.73438   -26.30   77.73438     -2.20    77.73438     -2.80
  77.92969    20.50   77.92969   -30.50   77.92969     -2.80    77.92969     -3.30
  78.12500    19.50   78.12500   -34.20   78.12500     -2.70    78.12500     -2.50
  78.32031    18.90   78.32031   -31.70   78.32031     -2.80    78.32031     -1.80
  78.51562    17.70   78.51562   -23.00   78.51562     -2.60    78.51562     -2.60
  78.71094    17.10   78.71094   -14.40   78.71094     -1.70    78.71094     -1.50
  78.90625    15.20   78.90625   -10.40   78.90625     -2.50    78.90625     -2.40
  79.10156    12.60   79.10156   -11.40   79.10156     -2.40    79.10156     -2.80
  79.29688    10.30   79.29688   -20.00   79.29688     -2.20    79.29688     -2.70
  79.49219     8.20   79.49219   -25.10   79.49219     -2.10    79.49219     -2.30
  79.68750     6.50   79.68750   -30.60   79.68750     -2.10    79.68750     -1.60
  79.88281     7.60   79.88281   -33.20   79.88281     -2.40    79.88281     -2.30
  80.07812    10.50   80.07812   -32.80   80.07812     -2.80    80.07812     -1.80
  80.27344    14.40   80.27344   -32.10   80.27344     -3.30    80.27344     -2.30
  80.46875    24.30   80.46875   -30.70   80.46875     -2.70    80.46875     -3.00
  80.66406    30.30   80.66406   -30.30   80.66406     -2.40    80.66406     -3.10
  80.85938    38.20   80.85938   -30.80   80.85938     -2.20    80.85938     -2.60
  81.05469    40.50   81.05469   -31.10   81.05469     -2.70    81.05469     -3.10
  81.25000    42.40   81.25000   -33.00   81.25000     -2.50    81.25000     -3.30
  81.44531    41.10   81.44531   -33.00   81.44531     -2.70    81.44531     -2.50
  81.64062    37.90   81.64062   -33.50   81.64062     -2.40    81.64062     -2.30
  81.83594    35.20   81.83594   -33.40   81.83594     -2.60    81.83594     -2.00
  82.03125    31.60   82.03125   -34.00   82.03125     -1.90    82.03125     -2.40
  82.22656    29.80   82.22656   -33.90   82.22656     -2.90    82.22656     -2.80
  82.42188    27.20   82.42188   -34.30   82.42188     -3.00    82.42188     -2.20
  82.61719    25.80   82.61719   -35.00   82.61719     -2.80    82.61719     -1.40
  82.81250    25.20   82.81250   -35.20   82.81250     -3.00    82.81250     -1.70
  83.00781    23.80   83.00781   -36.00   83.00781     -3.20    83.00781     -2.60
  83.20312    22.40   83.20312   -35.10   83.20312     -2.80    83.20312     -2.90
  83.39844    21.40   83.39844   -35.20   83.39844     -2.40    83.39844     -3.00
  83.59375    19.90   83.59375   -35.00   83.59375     -2.50    83.59375     -2.90
  83.78906    17.90   83.78906   -35.70   83.78906     -2.40    83.78906     -1.60
  83.98438    15.50   83.98438   -36.90   83.98438     -2.50    83.98438     -2.60
  84.17969    15.70   84.17969   -38.00   84.17969     -2.10    84.17969     -2.50
  84.37500    16.20   84.37500   -39.00   84.37500     -2.60    84.37500     -2.40
  84.57031    17.50   84.57031   -38.70   84.57031     -1.70    84.57031     -1.60
  84.76562    20.60   84.76562   -38.70   84.76562     -2.40    84.76562     -1.50
  84.96094    23.00   84.96094   -39.30   84.96094     -2.60    84.96094     -1.90
  85.15625    29.10   85.15625   -38.80   85.15625     -2.20    85.15625     -2.20
  85.35156    34.30   85.35156   -39.10   85.35156     -2.80    85.35156     -2.00
  85.54688    37.70   85.54688   -39.20   85.54688     -2.20    85.54688     -2.90
  85.74219    38.10   85.74219   -40.10   85.74219     -2.40    85.74219     -3.00
  85.93750    31.90   85.93750   -40.20   85.93750     -2.50    85.93750     -2.20
  86.13281    22.50   86.13281   -40.60   86.13281     -3.30    86.13281     -3.70
  86.32812     7.40   86.32812   -41.30   86.32812     -2.60    86.32812     -2.70
  86.52344    -1.50   86.52344   -41.10   86.52344     -3.60    86.52344     -3.10
  86.71875   -12.90   86.71875   -39.90   86.71875     -3.00    86.71875     -2.90
  86.91406   -18.20   86.91406   -40.50   86.91406     -3.00    86.91406     -2.10
  87.10938   -31.20   87.10938   -39.80   87.10938     -3.10    87.10938     -1.50
  87.30469   -31.60   87.30469   -40.30   87.30469     -2.70    87.30469     -1.80
  87.50000   -37.90   87.50000   -42.00   87.50000     -2.40    87.50000     -1.00
  87.69531   -35.50   87.69531   -41.80   87.69531     -2.20    87.69531     -1.70
  87.89062   -26.30   87.89062   -41.60   87.89062     -2.60    87.89062     -2.40
  88.08594   -22.30   88.08594   -41.50   88.08594     -2.00    88.08594     -2.50
  88.28125   -14.30   88.28125   -42.20   88.28125     -2.90    88.28125     -2.70
  88.47656   -12.00   88.47656   -43.10   88.47656     -2.50    88.47656     -3.60
  88.67188   -15.80   88.67188   -42.40   88.67188     -2.90    88.67188     -3.20
  88.86719   -18.40   88.86719   -40.30   88.86719     -2.90    88.86719     -2.90
  89.06250   -26.50   89.06250   -25.50   89.06250     -2.40    89.06250     -2.00
  89.25781   -29.30   89.25781   -11.10   89.25781     -2.50    89.25781     -2.30
  89.45312   -29.00   89.45312    13.70   89.45312     -2.00    89.45312     -2.50
  89.64844   -31.30   89.64844    31.00   89.64844     -2.60    89.64844     -2.40
  89.84375   -32.30   89.84375    51.40   89.84375     -2.30    89.84375     -1.90
  90.03906   -32.10   90.03906    57.20   90.03906     -2.20    90.03906     -2.40
  90.23438   -33.60   90.23438    68.70   90.23438     -2.90    90.23438     -1.90
  90.42969   -33.50   90.42969    69.10   90.42969     -1.90    90.42969     -2.20
  90.62500   -35.30   90.62500    61.90   90.62500     -2.80    90.62500     -3.10
  90.82031   -35.30   90.82031    54.40   90.82031     -2.20    90.82031     -3.10
  91.01562   -36.30   91.01562    34.60   91.01562     -2.90    91.01562     -2.60
  91.21094   -36.40   91.21094    25.10   91.21094     -2.90    91.21094     -2.30
  91.40625   -35.40   91.40625    20.10   91.40625     -2.70    91.40625     -2.50
  91.60156   -35.70   91.60156    20.70   91.60156     -3.30    91.60156     -2.20
  91.79688   -35.60   91.79688    20.40   91.79688     -2.30    91.79688     -3.10
  91.99219   -36.50   91.99219    20.90   91.99219     -2.40    91.99219     -2.50
  92.18750   -37.80   92.18750    20.10   92.18750     -2.80    92.18750     -2.10
  92.38281   -37.30   92.38281    19.80   92.38281     -2.80    92.38281     -2.50
  92.57812   -37.50   92.57812    18.50   92.57812     -1.40    92.57812     -1.70
  92.77344   -37.60   92.77344    18.30   92.77344     -2.80    92.77344     -2.50
  92.96875   -36.70   92.96875    18.90   92.96875     -2.90    92.96875     -2.00
  93.16406   -37.10   93.16406    19.30   93.16406     -2.90    93.16406     -2.30
  93.35938   -37.90   93.35938    18.70   93.35938     -2.30    93.35938     -2.30
  93.55469   -38.00   93.55469    18.70   93.55469     -2.30    93.55469     -3.20
  93.75000   -39.50   93.75000    18.30   93.75000     -2.10    93.75000     -1.80
  93.94531   -40.40   93.94531    18.00   93.94531     -1.90    93.94531     -2.10
  94.14062   -40.70   94.14062    17.00   94.14062     -1.70    94.14062     -2.20
  94.33594   -40.40   94.33594    15.80   94.33594     -2.30    94.33594     -1.70
  94.53125   -40.70   94.53125    12.90   94.53125     -2.90    94.53125     -1.40
  94.72656   -41.20   94.72656    11.90   94.72656     -3.00    94.72656     -1.80
  94.92188   -41.40   94.92188     9.20   94.92188     -2.00    94.92188     -2.90
  95.11719   -41.70   95.11719     7.20   95.11719     -2.40    95.11719     -3.10
  95.31250   -42.70   95.31250     8.50   95.31250     -2.20    95.31250     -2.40
  95.50781   -43.10   95.50781    10.10   95.50781     -1.70    95.50781     -2.80
  95.70312   -42.70   95.70312    16.90   95.70312     -2.80    95.70312     -2.80
  95.89844   -42.80   95.89844    22.50   95.89844     -3.10    95.89844     -2.70
  96.09375   -42.70   96.09375    31.10   96.09375     -2.00    96.09375     -2.50
  96.28906   -42.80   96.28906    33.70   96.28906     -2.50    96.28906     -2.80
  96.48438   -43.20   96.48438    38.70   96.48438     -3.10    96.48438     -1.90
  96.67969   -43.10   96.67969    38.90   96.67969     -3.00    96.67969     -2.80
  96.87500   -43.80   96.87500    37.90   96.87500     -3.30    96.87500     -2.70
  97.07031   -43.90   97.07031    36.50   97.07031     -2.40    97.07031     -2.70
  97.26562   -43.70   97.26562    32.90   97.26562     -2.80    97.26562     -2.30
  97.46094   -43.90   97.46094    31.30   97.46094     -3.60    97.46094     -1.90
  97.65625   -44.30   97.65625    28.00   97.65625     -3.40    97.65625     -3.10
  97.85156   -44.90   97.85156    27.40   97.85156     -2.60    97.85156     -2.50
  98.04688   -44.50   98.04688    25.20   98.04688     -2.30    98.04688     -3.00
  98.24219   -43.30   98.24219    24.10   98.24219     -2.10    98.24219     -2.70
  98.43750   -33.30   98.43750    22.50   98.43750     -2.50    98.43750     -2.80
  98.63281   -24.60   98.63281    21.30   98.63281     -1.80    98.63281     -2.10
  98.82812     3.30   98.82812    18.40   98.82812     -2.60    98.82812     -3.10
  99.02344    20.70   99.02344    17.80   99.02344     -2.50    99.02344     -3.20
  99.21875    46.80   99.21875    16.40   99.21875     -3.50    99.21875     -3.80
  99.41406    57.70   99.41406    15.60   99.41406     -3.60    99.41406     -4.00
  99.60938    70.60   99.60938    16.50   99.60938     -3.80    99.60938     -4.10
  99.80469    75.10   99.80469    17.70   99.80469     -2.20    99.80469     -3.00
 100.00000    68.30  100.00000    20.10  100.00000     -2.50   100.00000     -2.80
 100.19531    60.70  100.19531    21.90  100.19531     -3.00   100.19531     -2.80
 100.39062    40.80  100.39062    27.00  100.39062      0.30   100.39062     -1.40
 100.58594    29.00  100.58594    30.20  100.58594     -2.30   100.58594     -2.10
 100.78125    21.70  100.78125    35.20  100.78125     -2.00   100.78125     -2.50
 100.97656    21.20  100.97656    37.20  100.97656     -2.80   100.97656     -3.20
 101.17188    21.20  101.17188    39.10  101.17188     -2.30   101.17188     -2.40
 101.36719    21.70  101.36719    37.50  101.36719     -2.70   101.36719     -3.00
 101.56250    22.20  101.56250    30.60  101.56250     -3.40   101.56250     -2.90
 101.75781    21.90  101.75781    23.40  101.75781     -2.90   101.75781     -2.00
 101.95312    21.80  101.95312     4.40  101.95312      0.00   101.95312     -1.90
 102.14844    21.90  102.14844    -3.60  102.14844     -2.90   102.14844     -0.70
 102.34375    21.50  102.34375   -11.60  102.34375     -3.40   102.34375     -1.90
 102.53906    20.70  102.53906   -14.40  102.53906     -3.00   102.53906     -2.30
 102.73438    20.10  102.73438   -22.10  102.73438     -2.30   102.73438     -2.00
 102.92969    19.10  102.92969   -27.50  102.92969     -2.90   102.92969     -2.70
 103.12500    19.40  103.12500   -33.70  103.12500     -2.50   103.12500     -3.50
 103.32031    19.40  103.32031   -33.70  103.32031     -3.00   103.32031     -2.20
 103.51562    18.40  103.51562   -26.10  103.51562     -2.70   103.51562     -2.90
 103.71094    17.70  103.71094   -20.50  103.71094     -2.20   103.71094     -2.50
 103.90625    15.70  103.90625   -11.10  103.90625     -3.00   103.90625     -2.40
 104.10156    14.50  104.10156   -10.00  104.10156     -2.70   104.10156     -3.00
 104.29688    11.00  104.29688   -16.60  104.29688     -2.20   104.29688     -2.70
 104.49219     8.60  104.49219   -21.80  104.49219     -2.80   104.49219     -2.50
 104.68750     6.80  104.68750   -29.60  104.68750     -2.50   104.68750     -2.80
 104.88281     7.40  104.88281   -32.80  104.88281     -2.20   104.88281     -2.00
 105.07812     9.40  105.07812   -32.40  105.07812     -2.70   105.07812     -2.00
 105.27344    12.40  105.27344   -32.60  105.27344     -2.70   105.27344     -1.70
 105.46875    20.50  105.46875   -30.90  105.46875     -2.80   105.46875     -2.50
 105.66406    25.10  105.66406   -30.10  105.66406     -2.80   105.66406     -3.10
 105.85938    34.90  105.85938   -29.80  105.85938     -1.70   105.85938     -2.80
 106.05469    38.30  106.05469   -30.00  106.05469     -2.30   106.05469     -1.90
 106.25000    41.70  106.25000   -31.90  106.25000     -2.10   106.25000     -1.80
 106.44531    41.50  106.44531   -33.30  106.44531     -2.70   106.44531     -1.50
 106.64062    39.10  106.64062   -33.50  106.64062     -2.70   106.64062     -2.00
 106.83594    36.00  106.83594   -33.10  106.83594     -3.00   106.83594     -2.50
 107.03125    33.10  107.03125   -33.40  107.03125     -2.90   107.03125     -3.00
 107.22656    31.10  107.22656   -33.50  107.22656     -3.00   107.22656     -1.90
 107.42188    28.40  107.42188   -33.60  107.42188     -3.10   107.42188     -2.40
 107.61719    27.40  107.61719   -34.40  107.61719     -3.40   107.61719     -3.20
 107.81250    25.50  107.81250   -35.40  107.81250     -1.90   107.81250     -1.90
 108.00781    24.20  108.00781   -35.90  108.00781     -2.30   108.00781     -2.40
 108.20312    22.50  108.20312   -32.30  108.20312     -1.60   108.20312     -2.40
 108.39844    22.20  108.39844   -35.60  108.39844     -2.50   108.39844     -2.00
 108.59375    19.30  108.59375   -35.70  108.59375     -3.10   108.59375     -2.20
 108.78906    18.60  108.78906   -35.10  108.78906     -2.30   108.78906     -3.00
 108.98438    16.70  108.98438   -36.40  108.98438     -3.10   108.98438     -3.20
 109.17969    15.70  109.17969   -37.40  109.17969     -3.70   109.17969     -2.90
 109.37500    16.10  109.37500   -37.30  109.37500     -3.20   109.37500     -2.60
 109.57031    16.70  109.57031   -37.50  109.57031     -3.50   109.57031     -2.60
 109.76562    21.40  109.76562   -38.40  109.76562     -2.60   109.76562     -1.80
 109.96094    23.90  109.96094   -38.30  109.96094     -2.80   109.96094     -1.90
 110.15625    29.30  110.15625   -39.50  110.15625     -3.40   110.15625     -1.50
 110.35156    31.10  110.35156   -39.70  110.35156     -2.70   110.35156     -2.50
 110.54688    36.30  110.54688   -39.60  110.54688     -2.70   110.54688     -2.30
 110.74219    38.00  110.74219   -40.20  110.74219     -2.40   110.74219     -3.30
 110.93750    33.90  110.93750   -39.40  110.93750     -1.80   110.93750     -2.40
 111.13281    30.00  111.13281   -40.00  111.13281     -2.70   111.13281     -2.50
 111.32812    12.40  111.32812   -39.90  111.32812     -2.50   111.32812     -2.80
 111.52344     0.70  111.52344   -40.30  111.52344     -3.50   111.52344     -2.20
 111.71875   -10.00  111.71875   -40.20  111.71875     -3.20   111.71875     -2.40
 111.91406   -13.90  111.91406   -40.60  111.91406     -2.10   111.91406     -2.40
 112.10938   -24.40  112.10938   -40.70  112.10938     -2.60   112.10938     -1.90
 112.30469   -30.80  112.30469   -40.80  112.30469     -2.60   112.30469     -3.10
 112.50000   -37.50  112.50000   -41.60  112.50000     -2.30   112.50000     -2.60
 112.69531   -38.80  112.69531   -41.70  112.69531     -2.50   112.69531     -2.50
 112.89062   -33.30  112.89062   -42.30  112.89062     -2.40   112.89062     -2.10
 113.08594   -25.70  113.08594   -43.00  113.08594     -2.90   113.08594     -2.30
 113.28125   -14.90  113.28125   -42.20  113.28125     -3.00   113.28125     -2.40
 113.47656   -12.90  113.47656   -42.60  113.47656     -2.40   113.47656     -2.40
 113.67188   -14.80  113.67188   -42.90  113.67188     -1.50   113.67188     -2.30
 113.86719   -17.30  113.86719   -41.10  113.86719     -2.60   113.86719     -2.50
 114.06250   -25.10  114.06250   -29.20  114.06250     -2.00   114.06250     -3.10
 114.25781   -27.60  114.25781   -19.00  114.25781     -2.10   114.25781     -2.70
 114.45312   -31.40  114.45312     8.80  114.45312     -1.80   114.45312     -2.50
 114.64844   -31.60  114.64844    25.20  114.64844     -1.90   114.64844     -2.80
 114.84375   -32.00  114.84375    52.90  114.84375     -1.70   114.84375     -3.00
 115.03906   -32.00  115.03906    58.20  115.03906     -1.80   115.03906     -2.80
 115.23438   -32.20  115.23438    69.90  115.23438     -2.10   115.23438     -2.70
 115.42969   -33.20  115.42969    70.30  115.42969     -2.90   115.42969     -2.40
 115.62500   -34.10  115.62500    61.30  115.62500     -3.20   115.62500     -2.70
 115.82031   -35.10  115.82031    54.90  115.82031     -3.30   115.82031     -2.10
 116.01562   -36.50  116.01562    35.50  116.01562     -2.70   116.01562     -2.50
 116.21094   -36.40  116.21094    28.40  116.21094     -2.90   116.21094     -3.00
 116.40625   -35.90  116.40625    21.20  116.40625     -3.20   116.40625     -2.90
 116.60156   -35.20  116.60156    21.60  116.60156     -2.80   116.60156     -2.40
 116.79688   -34.40  116.79688    21.50  116.79688     -2.40   116.79688     -2.50
 116.99219   -36.00  116.99219    20.60  116.99219     -2.20   116.99219     -2.80
 117.18750   -37.40  117.18750    19.20  117.18750     -3.00   117.18750     -2.20
 117.38281   -37.00  117.38281    19.90  117.38281     -2.30   117.38281     -2.80
 117.57812   -37.90  117.57812    18.90  117.57812     -2.30   117.57812     -2.50
 117.77344   -37.40  117.77344    19.40  117.77344     -2.90   117.77344     -2.60
 117.96875   -37.70  117.96875    18.60  117.96875     -2.60   117.96875     -2.80
 118.16406   -36.80  118.16406    19.00  118.16406     -2.30   118.16406     -2.60
 118.35938   -36.90  118.35938    19.50  118.35938     -2.00   118.35938     -2.00
 118.55469   -38.00  118.55469    18.50  118.55469     -2.60   118.55469     -2.10
 118.75000   -39.70  118.75000    19.00  118.75000     -3.20   118.75000     -1.70
 118.94531   -40.60  118.94531    18.50  118.94531     -3.30   118.94531     -1.90
 119.14062   -40.80  119.14062    16.90  119.14062     -3.40   119.14062     -2.20
 119.33594   -41.50  119.33594    15.60  119.33594     -2.40   119.33594     -2.20
 119.53125   -41.50  119.53125    12.80  119.53125     -2.40   119.53125     -2.50
 119.72656   -40.70  119.72656    11.30  119.72656     -2.40   119.72656     -2.00
 119.92188   -40.60  119.92188     7.70  119.92188     -1.70   119.92188     -3.20
 120.11719   -42.20  120.11719     7.40  120.11719     -3.20   120.11719     -3.00
 120.31250   -42.00  120.31250     8.30  120.31250     -2.40   120.31250     -3.30
 120.50781   -42.90  120.50781    10.70  120.50781     -2.10   120.50781     -2.30
 120.70312   -42.30  120.70312    17.80  120.70312     -3.00   120.70312     -2.40
 120.89844   -43.10  120.89844    22.50  120.89844     -2.20   120.89844     -1.70
 121.09375   -43.00  121.09375    30.80  121.09375     -2.30   121.09375     -2.30
 121.28906   -42.20  121.28906    33.40  121.28906     -2.90   121.28906     -2.80
 121.48438   -42.50  121.48438    38.30  121.48438     -2.90   121.48438     -2.30
 121.67969   -42.20  121.67969    39.20  121.67969     -2.00   121.67969     -2.00
 121.87500   -43.50  121.87500    37.90  121.87500     -2.00   121.87500     -2.10
 122.07031   -43.60  122.07031    36.50  122.07031     -2.10   122.07031     -2.30
 122.26562   -44.50  122.26562    32.30  122.26562     -3.30   122.26562     -2.80
 122.46094   -43.70  122.46094    31.60  122.46094     -1.90   122.46094     -1.90
 122.65625   -44.30  122.65625    29.20  122.65625     -2.00   122.65625     -2.40
 122.85156   -44.10  122.85156    26.80  122.85156     -2.20   122.85156     -1.80
 123.04688   -43.70  123.04688    25.30  123.04688     -2.40   123.04688     -2.80
 123.24219   -42.20  123.24219    24.50  123.24219     -3.00   123.24219     -2.30
 123.43750   -32.40  123.43750    22.10  123.43750     -2.60   123.43750     -2.40
 123.63281   -24.40  123.63281    21.70  123.63281     -2.30   123.63281     -1.70
 123.82812     0.20  123.82812    19.10  123.82812     -2.80   123.82812     -2.60
 124.02344    17.40  124.02344    17.60  124.02344     -3.10   124.02344     -2.80
 124.21875    47.60  124.21875    15.60  124.21875     -3.40   124.21875     -2.60
 124.41406    58.10  124.41406    16.10  124.41406     -2.40   124.41406     -2.30
 124.60938    70.90  124.60938    16.40  124.60938     -1.80   124.60938     -2.40
 124.80469    74.10  124.80469    17.40  124.80469     -1.70   124.80469     -2.50
 125.00000    69.40  125.00000    20.30  125.00000     -2.00   125.00000     -2.00
 125.19531    61.40  125.19531    21.90  125.19531     -2.50   125.19531     -2.50
 125.39062    41.50  125.39062    27.30  125.39062     -3.30   125.39062     -0.30
 125.58594    32.20  125.58594    30.00  125.58594     -2.50   125.58594     -2.70
 125.78125    23.10  125.78125    34.80  125.78125     -3.40   125.78125     -3.10
 125.97656    21.40  125.97656    36.20  125.97656     -3.40   125.97656     -2.70
 126.17188    20.80  126.17188    39.30  126.17188     -3.00   126.17188     -3.90
 126.36719    21.60  126.36719    39.20  126.36719     -2.40   126.36719     -2.80
 126.56250    22.70  126.56250    32.60  126.56250     -2.30   126.56250     -2.10
 126.75781    22.20  126.75781    26.20  126.75781     -2.80   126.75781     -3.20
 126.95312    22.00  126.95312     6.30  126.95312     -2.80   126.95312     -3.00
 127.14844    21.30  127.14844    -3.40  127.14844     -2.80   127.14844     -2.50
 127.34375    22.00  127.34375   -12.40  127.34375     -2.10   127.34375     -2.20
 127.53906    21.00  127.53906   -15.00  127.53906     -2.60   127.53906     -2.40
 127.73438    20.90  127.73438   -21.30  127.73438     -2.50   127.73438     -1.90
 127.92969    21.30  127.92969   -27.60  127.92969     -2.50   127.92969     -2.50
 128.12500    20.60  128.12500   -33.10  128.12500     -1.70   128.12500     -1.40
 128.32031    20.30  128.32031   -32.70  128.32031     -1.60   128.32031     -1.90
 128.51562    19.30  128.51562   -26.30  128.51562     -0.30   128.51562     -1.70
 128.71094    17.70  128.71094   -18.80  128.71094     -2.10   128.71094     -2.00
 128.90625    16.00  128.90625   -11.10  128.90625     -2.30   128.90625     -2.60
 129.10156    14.50  129.10156   -11.20  129.10156     -2.70   129.10156     -1.50
 129.29688    12.10  129.29688   -15.00  129.29688     -3.00   129.29688     -1.60
 129.49219    10.00  129.49219   -20.00  129.49219     -2.60   129.49219     -2.50
 129.68750     6.40  129.68750   -28.90  129.68750     -3.10   129.68750     -2.30
 129.88281     6.00  129.88281   -30.70  129.88281     -3.00   129.88281     -2.30
 130.07812     8.60  130.07812   -32.60  130.07812     -3.20   130.07812     -2.60
 130.27344    11.70  130.27344   -31.90  130.27344     -2.50   130.27344     -2.10
 130.46875    20.50  130.46875   -30.50  130.46875     -2.50   130.46875     -2.30
 130.66406    24.20  130.66406   -30.90  130.66406     -2.40   130.66406     -1.50
 130.85938    33.50  130.85938   -30.60  130.85938     -2.00   130.85938     -2.70
 131.05469    38.10  131.05469   -31.10  131.05469     -3.10   131.05469     -2.50
 131.25000    42.10  131.25000   -31.80  131.25000     -3.80   131.25000     -3.00
 131.44531    41.70  131.44531   -33.40  131.44531     -2.60   131.44531     -2.60
 131.64062    39.30  131.64062   -33.80  131.64062     -3.10   131.64062     -3.20
 131.83594    36.90  131.83594   -33.20  131.83594     -3.30   131.83594     -3.80
 132.03125    32.50  132.03125   -32.80  132.03125     -3.00   132.03125     -2.30
 132.22656    30.80  132.22656   -33.10  132.22656     -2.90   132.22656     -3.00
 132.42188    27.80  132.42188   -33.30  132.42188     -2.30   132.42188     -2.80
 132.61719    26.20  132.61719   -35.00  132.61719     -3.10   132.61719     -3.00
 132.81250    24.50  132.81250   -37.60  132.81250     -3.20   132.81250     -3.10
 133.00781    24.20  133.00781   -36.50  133.00781     -2.40   133.00781     -3.00
 133.20312    23.80  133.20312   -37.10  133.20312     -2.70   133.20312     -3.00
 133.39844    22.60  133.39844   -37.00  133.39844     -2.60   133.39844     -2.60
 133.59375    20.60  133.59375   -35.70  133.59375     -2.50   133.59375     -2.70
 133.78906    19.70  133.78906   -36.00  133.78906     -2.00   133.78906     -1.70
 133.98438    16.70  133.98438   -35.50  133.98438     -2.00   133.98438     -2.10
 134.17969    16.00  134.17969   -36.60  134.17969     -2.10   134.17969     -1.80
 134.37500    15.40  134.37500   -37.20  134.37500     -2.60   134.37500     -2.20
 134.57031    16.50  134.57031   -37.40  134.57031     -1.80   134.57031     -2.10
 134.76562    19.00  134.76562   -38.50  134.76562     -2.40   134.76562     -2.80
 134.96094    22.40  134.96094   -39.10  134.96094     -3.10   134.96094     -2.60
 135.15625    27.90  135.15625   -39.30  135.15625     -3.20   135.15625     -3.40
 135.35156    30.80  135.35156   -39.30  135.35156     -2.30   135.35156     -3.50
 135.54688    35.70  135.54688   -40.00  135.54688     -2.80   135.54688     -2.80
 135.74219    37.70  135.74219   -40.40  135.74219     -2.50   135.74219     -3.50
 135.93750    35.60  135.93750   -40.10  135.93750     -2.50   135.93750     -2.00
 136.13281    30.60  136.13281   -40.40  136.13281     -2.60   136.13281     -2.10
 136.32812    13.00  136.32812   -40.40  136.32812     -2.90   136.32812     -3.00
 136.52344     2.50  136.52344   -41.00  136.52344     -2.80   136.52344     -2.70
 136.71875    -9.80  136.71875   -41.40  136.71875     -2.60   136.71875     -2.60
 136.91406   -13.20  136.91406   -41.90  136.91406     -2.60   136.91406     -1.60
 137.10938   -23.60  137.10938   -40.50  137.10938     -3.10   137.10938     -2.50
 137.30469   -29.00  137.30469   -40.70  137.30469     -2.40   137.30469     -1.60
 137.50000   -37.00  137.50000   -41.20  137.50000     -3.00   137.50000     -2.10
 137.69531   -38.10  137.69531   -41.40  137.69531     -3.70   137.69531     -2.60
 137.89062   -32.00  137.89062   -42.40  137.89062     -3.40   137.89062     -2.70
 138.08594   -25.30  138.08594   -41.10  138.08594     -2.40   138.08594     -3.60
 138.28125   -14.70  138.28125   -42.00  138.28125     -2.40   138.28125     -2.60
 138.47656   -12.60  138.47656   -41.60  138.47656     -2.60   138.47656     -3.00
 138.67188   -14.00  138.67188   -42.70  138.67188     -2.20   138.67188     -3.30
 138.86719   -18.50  138.86719   -41.60  138.86719     -2.80   138.86719     -2.90
 139.06250   -25.90  139.06250   -29.80  139.06250     -2.80   139.06250     -2.00
 139.25781   -27.70  139.25781   -21.20  139.25781     -1.90   139.25781     -1.10
 139.45312   -32.20  139.45312     6.30  139.45312     -1.80   139.45312     -1.30
 139.64844   -32.10  139.64844    21.50  139.64844     -1.40   139.64844     -1.90
 139.84375   -32.90  139.84375    49.00  139.84375     -1.90   139.84375     -1.90
 140.03906   -32.70  140.03906    57.10  140.03906     -2.60   140.03906     -1.80
 140.23438   -32.70  140.23438    68.70  140.23438     -2.50   140.23438     -2.50
 140.42969   -33.40  140.42969    69.80  140.42969     -2.20   140.42969     -2.50
 140.62500   -34.70  140.62500    60.90  140.62500     -2.50   140.62500     -2.90
 140.82031   -34.90  140.82031    53.90  140.82031     -2.30   140.82031     -2.20
 141.01562   -36.30  141.01562    33.90  141.01562     -2.50   141.01562     -2.80
 141.21094   -37.10  141.21094    26.60  141.21094     -3.10   141.21094     -2.60
 141.40625   -35.30  141.40625    21.40  141.40625     -2.60   141.40625     -2.20
 141.60156   -35.10  141.60156    21.20  141.60156     -2.40   141.60156     -2.90
 141.79688   -34.90  141.79688    22.00  141.79688     -2.80   141.79688     -2.40
 141.99219   -35.00  141.99219    22.00  141.99219     -2.70   141.99219     -1.90
 142.18750   -36.70  142.18750    19.70  142.18750     -2.90   142.18750     -2.80
 142.38281   -36.80  142.38281    19.50  142.38281     -2.90   142.38281     -1.10
 142.57812   -37.40  142.57812    18.60  142.57812     -2.30   142.57812     -1.70
 142.77344   -37.50  142.77344    18.60  142.77344     -3.30   142.77344     -2.50
 142.96875   -36.90  142.96875    18.80  142.96875     -2.70   142.96875     -2.50
 143.16406   -36.50  143.16406    18.50  143.16406     -3.40   143.16406     -1.70
 143.35938   -36.40  143.35938    19.20  143.35938     -2.60   143.35938     -1.40
 143.55469   -37.50  143.55469    18.70  143.55469     -2.60   143.55469     -2.00
 143.75000   -39.40  143.75000    18.60  143.75000     -2.70   143.75000     -2.50
 143.94531   -39.70  143.94531    18.30  143.94531     -2.10   143.94531     -2.50
 144.14062   -40.70  144.14062    16.50  144.14062     -2.50   144.14062     -1.70
 144.33594   -40.20  144.33594    15.40  144.33594     -3.20   144.33594     -1.80
 144.53125   -40.10  144.53125    13.00  144.53125     -2.60   144.53125     -2.30
 144.72656   -39.80  144.72656    11.10  144.72656     -2.30   144.72656     -2.50
 144.92188   -41.00  144.92188     8.50  144.92188     -2.40   144.92188     -2.30
 145.11719   -41.00  145.11719     7.50  145.11719     -2.70   145.11719     -1.80
 145.31250   -42.50  145.31250     8.40  145.31250     -2.30   145.31250     -1.50
 145.50781   -42.70  145.50781     9.30  145.50781     -2.50   145.50781     -2.80
 145.70312   -42.80  145.70312    15.80  145.70312     -2.40   145.70312     -3.10
 145.89844   -43.20  145.89844    21.90  145.89844     -2.40   145.89844     -1.90
 146.09375   -42.80  146.09375    30.90  146.09375     -3.00   146.09375     -2.70
 146.28906   -42.20  146.28906    34.20  146.28906     -2.40   146.28906     -1.60
 146.48438   -43.20  146.48438    38.10  146.48438     -2.20   146.48438     -2.50
 146.67969   -43.60  146.67969    39.00  146.67969     -1.50   146.67969     -2.50
 146.87500   -43.90  146.87500    37.40  146.87500     -2.20   146.87500     -2.70
 147.07031   -43.30  147.07031    35.60  147.07031     -2.10   147.07031     -2.30
 147.26562   -43.60  147.26562    32.90  147.26562     -2.30   147.26562     -2.10
 147.46094   -43.20  147.46094    31.20  147.46094     -2.90   147.46094     -2.70
 147.65625   -43.60  147.65625    28.60  147.65625     -2.00   147.65625     -1.90
 147.85156   -43.10  147.85156    27.50  147.85156     -2.40   147.85156     -1.70
 148.04688   -43.60  148.04688    25.20  148.04688     -3.80   148.04688     -1.90
 148.24219   -43.00  148.24219    24.60  148.24219     -2.90   148.24219     -2.80
 148.43750   -34.20  148.43750    22.40  148.43750     -3.20   148.43750     -2.20
 148.63281   -25.20  148.63281    22.60  148.63281     -2.90   148.63281     -1.20
 148.82812     1.10  148.82812    20.00  148.82812     -2.20   148.82812     -2.90
 149.02344    15.50  149.02344    18.30  149.02344     -2.30   149.02344     -3.10
 149.21875    46.90  149.21875    16.10  149.21875     -2.30   149.21875     -3.00
 149.41406    53.90  149.41406    15.50  149.41406     -3.00   149.41406     -1.60
 149.60938    71.30  149.60938    15.90  149.60938     -2.60   149.60938     -2.20
 149.80469    73.90  149.80469    17.10  149.80469     -2.50   149.80469     -2.50
 150.00000    69.70  150.00000    20.60  150.00000     -2.40   150.00000     -1.80
 150.19531    62.70  150.19531    22.10  150.19531     -2.00   150.19531     -2.30
 150.39062    42.00  150.39062    27.30  150.39062     -2.30   150.39062     -2.50
 150.58594    32.20  150.58594    29.90  150.58594     -2.40   150.58594      0.20
 150.78125    22.40  150.78125    35.50  150.78125     -2.00   150.78125     -2.80
 150.97656    21.60  150.97656    36.70  150.97656     -2.10   150.97656     -2.70
 151.17188    21.70  151.17188    40.30  151.17188     -2.60   151.17188     -2.30
 151.36719    21.80  151.36719    39.10  151.36719     -2.40   151.36719     -2.10
 151.56250    21.80  151.56250    31.50  151.56250     -2.30   151.56250     -1.60
 151.75781    22.30  151.75781    25.30  151.75781     -2.50   151.75781     -1.20
 151.95312    21.30  151.95312     4.50  151.95312     -3.30   151.95312     -1.70
 152.14844    21.10  152.14844    -2.10  152.14844     -2.30   152.14844     -1.30
 152.34375    20.90  152.34375   -12.20  152.34375     -2.00   152.34375     -2.20
 152.53906    21.40  152.53906   -14.00  152.53906     -2.50   152.53906     -2.40
 152.73438    20.80  152.73438   -21.80  152.73438     -2.90   152.73438     -2.40
 152.92969    20.50  152.92969   -26.90  152.92969     -2.30   152.92969     -2.30
 153.12500    20.30  153.12500   -34.40  153.12500     -3.20   153.12500     -2.30
 153.32031    19.10  153.32031   -33.10  153.32031     -3.10   153.32031     -1.70
 153.51562    18.70  153.51562   -25.90  153.51562     -3.00   153.51562     -3.00
 153.71094    18.10  153.71094   -20.10  153.71094     -2.60   153.71094     -2.50
 153.90625    16.20  153.90625   -10.50  153.90625     -1.40   153.90625     -1.40
 154.10156    14.00  154.10156   -10.10  154.10156     -3.00   154.10156     -3.00
 154.29688    11.40  154.29688   -16.60  154.29688     -1.90   154.29688     -1.90
 154.49219     9.30  154.49219   -22.00  154.49219     -2.90   154.49219     -2.60
 154.68750     7.30  154.68750   -30.80  154.68750     -2.00   154.68750     -1.90
 154.88281     6.80  154.88281   -32.40  154.88281     -0.90   154.88281     -2.50
 155.07812     8.80  155.07812   -32.30  155.07812     -2.30   155.07812     -2.30
 155.27344    11.30  155.27344   -32.60  155.27344     -2.40   155.27344     -1.70
 155.46875    22.30  155.46875   -30.60  155.46875     -2.30   155.46875     -2.10
 155.66406    26.20  155.66406   -30.40  155.66406     -2.50   155.66406     -2.40
 155.85938    35.50  155.85938   -30.50  155.85938     -2.40   155.85938     -2.80
 156.05469    38.80  156.05469   -30.60  156.05469     -2.80   156.05469     -2.40
 156.25000    42.60  156.25000   -32.40  156.25000     -3.10   156.25000     -1.60
 156.44531    41.90  156.44531   -33.10  156.44531     -2.90   156.44531     -2.30
 156.64062    39.10  156.64062   -33.50  156.64062     -3.00   156.64062     -2.60
 156.83594    36.20  156.83594   -33.10  156.83594     -3.50   156.83594     -2.70
 157.03125    31.70  157.03125   -33.00  157.03125     -2.50   157.03125     -2.50
 157.22656    30.10  157.22656   -32.80  157.22656     -2.40   157.22656     -2.60
 157.42188    27.20  157.42188   -34.10  157.42188     -3.00   157.42188     -2.90
 157.61719    26.30  157.61719   -34.90  157.61719     -2.70   157.61719     -2.70
 157.81250    24.20  157.81250   -36.20  157.81250     -2.20   157.81250     -2.00
 158.00781    24.50  158.00781   -36.40  158.00781     -2.00   158.00781     -2.70
 158.20312    23.20  158.20312   -36.60  158.20312     -3.00   158.20312     -2.60
 158.39844    21.70  158.39844   -36.50  158.39844     -2.60   158.39844     -2.90
 158.59375    19.70  158.59375   -35.80  158.59375     -2.50   158.59375     -3.20
 158.78906    18.10  158.78906   -35.80  158.78906     -2.10   158.78906     -3.40
 158.98438    15.90  158.98438   -37.00  158.98438     -2.60   158.98438     -2.80
 159.17969    15.90  159.17969   -37.10  159.17969     -2.00   159.17969     -2.40
 159.37500    16.30  159.37500   -37.80  159.37500     -2.40   159.37500     -2.30
 159.57031    17.60  159.57031   -38.60  159.57031     -1.70   159.57031     -2.30
 159.76562    21.60  159.76562   -38.30  159.76562     -2.20   159.76562     -2.30
 159.96094    25.00  159.96094   -39.00  159.96094     -1.50   159.96094     -2.10
 160.15625    30.30  160.15625   -39.40  160.15625     -2.10   160.15625     -2.60
 160.35156    33.30  160.35156   -39.50  160.35156     -2.30   160.35156     -2.50
 160.54688    36.90  160.54688   -40.10  160.54688     -3.00   160.54688     -1.50
 160.74219    37.10  160.74219   -40.60  160.74219     -2.70   160.74219     -3.20
 160.93750    31.50  160.93750   -40.40  160.93750     -2.80   160.93750     -2.30
 161.13281    22.60  161.13281   -40.40  161.13281     -2.70   161.13281     -2.50
 161.32812     7.30  161.32812   -40.50  161.32812     -2.70   161.32812     -2.50
 161.52344    -3.20  161.52344   -40.20  161.52344     -2.10   161.52344     -2.50
 161.71875   -13.20  161.71875   -41.10  161.71875     -2.60   161.71875     -1.80
 161.91406   -16.80  161.91406   -40.00  161.91406     -2.30   161.91406     -2.50
 162.10938   -26.70  162.10938   -40.40  162.10938     -2.40   162.10938     -2.20
 162.30469   -33.40  162.30469   -41.60  162.30469     -2.40   162.30469     -1.80
 162.50000   -37.70  162.50000   -41.20  162.50000     -1.70   162.50000     -2.60
 162.69531   -36.60  162.69531   -41.40  162.69531     -2.30   162.69531     -2.70
 162.89062   -26.30  162.89062   -42.60  162.89062     -2.20   162.89062     -2.80
 163.08594   -21.90  163.08594   -42.00  163.08594     -2.60   163.08594     -3.00
 163.28125   -13.50  163.28125   -43.10  163.28125     -3.30   163.28125     -2.80
 163.47656   -12.80  163.47656   -43.00  163.47656     -3.60   163.47656     -2.80
 163.67188   -16.80  163.67188   -41.40  163.67188     -3.30   163.67188     -2.70
 163.86719   -21.70  163.86719   -38.50  163.86719     -3.20   163.86719     -2.80
 164.06250   -28.50  164.06250   -20.20  164.06250     -2.70   164.06250     -1.80
 164.25781   -30.80  164.25781    -8.20  164.25781     -2.60   164.25781     -2.60
 164.45312   -31.40  164.45312    18.90  164.45312     -2.50   164.45312     -2.70
 164.64844   -32.50  164.64844    35.90  164.64844     -2.10   164.64844     -2.70
 164.84375   -33.00  164.84375    57.30  164.84375     -2.40   164.84375     -2.20
 165.03906   -32.40  165.03906    62.90  165.03906     -3.00   165.03906     -2.00
 165.23438   -32.90  165.23438    70.30  165.23438     -2.70   165.23438     -2.30
 165.42969   -33.20  165.42969    68.40  165.42969     -3.40   165.42969     -1.60
 165.62500   -34.50  165.62500    53.60  165.62500     -3.30   165.62500     -2.40
 165.82031   -35.90  165.82031    46.80  165.82031     -3.10   165.82031     -2.70
 166.01562   -36.90  166.01562    29.00  166.01562     -2.50   166.01562     -2.90
 166.21094   -36.80  166.21094    22.80  166.21094     -3.40   166.21094     -3.10
 166.40625   -36.50  166.40625    20.80  166.40625     -3.30   166.40625     -2.60
 166.60156   -35.80  166.60156    21.90  166.60156     -2.70   166.60156     -2.90
 166.79688   -35.60  166.79688    21.40  166.79688     -2.80   166.79688     -2.70
 166.99219   -36.10  166.99219    20.70  166.99219     -2.60   166.99219     -2.70
 167.18750   -36.90  167.18750    18.60  167.18750     -1.80   167.18750     -3.20
 167.38281   -37.70  167.38281    18.50  167.38281     -2.20   167.38281     -2.90
 167.57812   -36.90  167.57812    17.80  167.57812     -1.60   167.57812     -2.80
 167.77344   -36.70  167.77344    18.40  167.77344     -3.10   167.77344     -2.30
 167.96875   -36.10  167.96875    19.00  167.96875     -2.40   167.96875     -2.50
 168.16406   -37.00  168.16406    18.60  168.16406     -3.70   168.16406     -2.20
 168.35938   -37.70  168.35938    19.10  168.35938     -2.90   168.35938     -2.40
 168.55469   -37.90  168.55469    19.60  168.55469     -2.80   168.55469     -3.10
 168.75000   -39.50  168.75000    18.70  168.75000     -1.70   168.75000     -2.90
 168.94531   -39.80  168.94531    18.00  168.94531     -2.30   168.94531     -3.40
 169.14062   -41.00  169.14062    16.00  169.14062     -3.10   169.14062     -2.70
 169.33594   -40.60  169.33594    13.40  169.33594     -2.70   169.33594     -2.40
 169.53125   -40.70  169.53125    10.20  169.53125     -2.40   169.53125     -1.70
 169.72656   -41.50  169.72656     8.90  169.72656     -2.30   169.72656     -2.10
 169.92188   -41.70  169.92188     6.70  169.92188     -2.10   169.92188     -1.90
 170.11719   -42.40  170.11719     8.00  170.11719     -2.10   170.11719     -2.10
 170.31250   -43.00  170.31250    12.00  170.31250     -2.40   170.31250     -2.50
 170.50781   -42.60  170.50781    14.80  170.50781     -3.30   170.50781     -2.70
 170.70312   -43.00  170.70312    22.30  170.70312     -2.50   170.70312     -2.50
 170.89844   -42.50  170.89844    27.00  170.89844     -2.80   170.89844     -3.10
 171.09375   -42.60  171.09375    35.20  171.09375     -3.30   171.09375     -3.30
 171.28906   -42.70  171.28906    37.20  171.28906     -3.10   171.28906     -3.20
 171.48438   -42.80  171.48438    39.40  171.48438     -2.50   171.48438     -3.90
 171.67969   -43.20  171.67969    37.20  171.67969     -3.00   171.67969     -2.60
 171.87500   -43.60  171.87500    35.00  171.87500     -2.10   171.87500     -3.00
 172.07031   -43.90  172.07031    33.00  172.07031     -1.80   172.07031     -2.70
 172.26562   -43.50  172.26562    30.50  172.26562     -1.50   172.26562     -2.90
 172.46094   -44.30  172.46094    29.70  172.46094     -1.80   172.46094     -1.80
 172.65625   -43.90  172.65625    27.30  172.65625     -2.50   172.65625     -2.40
 172.85156   -43.70  172.85156    26.80  172.85156     -2.40   172.85156     -2.50
 173.04688   -41.60  173.04688    24.40  173.04688     -2.40   173.04688     -2.50
 173.24219   -36.20  173.24219    23.30  173.24219     -3.00   173.24219     -2.50
 173.43750   -15.60  173.43750    20.90  173.43750     -2.50   173.43750     -3.50
 173.63281    -7.30  173.63281    19.90  173.63281     -2.70   173.63281     -3.00
 173.82812    22.00  173.82812    18.00  173.82812     -2.70   173.82812     -2.90
 174.02344    37.00  174.02344    17.00  174.02344     -2.50   174.02344     -2.20
 174.21875    62.10  174.21875    16.20  174.21875     -2.80   174.21875     -2.60
 174.41406    67.20  174.41406    16.30  174.41406     -2.90   174.41406     -2.30
 174.60938    75.80  174.60938    18.10  174.60938     -2.50   174.60938     -2.30
 174.80469    71.70  174.80469    19.00  174.80469     -2.60   174.80469     -2.30
 175.00000    57.40  175.00000    22.30  175.00000     -2.90   175.00000     -2.80
 175.19531    48.70  175.19531    24.80  175.19531     -2.90   175.19531     -3.10
 175.39062    29.70  175.39062    31.40  175.39062     -2.80   175.39062     -2.60
 175.58594    24.50  175.58594    33.50  175.58594     -2.40   175.58594     -2.80
 175.78125    20.70  175.78125    38.20  175.78125     -2.50   175.78125     -2.40
 175.97656    21.20  175.97656    39.00  175.97656     -2.70   175.97656     -2.70
 176.17188    22.10  176.17188    37.80  176.17188     -3.10   176.17188     -2.20
 176.36719    22.80  176.36719    34.50  176.36719     -2.70   176.36719     -2.90
 176.56250    22.60  176.56250    17.40  176.56250     -2.90   176.56250     -2.60
 176.75781    22.30  176.75781     9.10  176.75781     -3.00   176.75781     -1.50
 176.95312    21.50  176.95312    -2.10  176.95312     -1.70   176.95312     -3.20
 177.14844    21.50  177.14844    -9.60  177.14844     -1.60   177.14844     -2.60
 177.34375    21.20  177.34375   -15.60  177.34375     -2.70   177.34375     -2.40
 177.53906    20.90  177.53906   -19.20  177.53906     -3.30   177.53906     -2.60
 177.73438    21.20  177.73438   -28.20  177.73438     -3.10   177.73438     -2.40
 177.92969    20.40  177.92969   -32.10  177.92969     -3.00   177.92969     -1.70
 178.12500    19.90  178.12500   -32.50  178.12500     -2.80   178.12500     -2.20
 178.32031    19.50  178.32031   -29.80  178.32031     -2.60   178.32031     -1.00
 178.51562    17.10  178.51562   -18.10  178.51562     -2.30   178.51562     -3.00
 178.71094    16.30  178.71094   -13.70  178.71094     -1.80   178.71094     -3.40
 178.90625    13.80  178.90625   -12.00  178.90625     -1.30   178.90625     -4.00
 179.10156    12.40  179.10156   -13.40  179.10156     -2.60   179.10156     -3.50
 179.29688     8.80  179.29688   -22.80  179.29688     -3.00   179.29688     -2.60
 179.49219     6.70  179.49219   -28.40  179.49219     -3.00   179.49219     -2.20
 179.68750     6.90  179.68750   -32.50  179.68750     -2.80   179.68750     -2.60
 179.88281     7.80  179.88281   -33.00  179.88281     -3.10   179.88281     -2.60
 180.07812    13.40  180.07812   -32.00  180.07812     -2.80   180.07812     -3.20
 180.27344    17.90  180.27344   -31.30  180.27344     -2.40   180.27344     -3.30
 180.46875    29.10  180.46875   -30.30  180.46875     -2.80   180.46875     -2.70
 180.66406    33.50  180.66406   -30.30  180.66406     -2.60   180.66406     -2.40
 180.85938    40.60  180.85938   -30.80  180.85938     -2.40   180.85938     -1.60
 181.05469    42.60  181.05469   -32.10  181.05469     -1.50   181.05469     -2.10
 181.25000    41.50  181.25000   -32.80  181.25000     -2.30   181.25000     -0.80
 181.44531    41.00  181.44531   -32.80  181.44531     -2.40   181.44531     -1.70
 181.64062    36.10  181.64062   -33.60  181.64062     -2.80   181.64062     -1.50
 181.83594    33.10  181.83594   -33.90  181.83594     -2.70   181.83594     -1.90
 182.03125    29.00  182.03125   -34.00  182.03125     -2.70   182.03125     -2.60
 182.22656    28.10  182.22656   -33.50  182.22656     -2.70   182.22656     -2.40
 182.42188    26.30  182.42188   -35.30  182.42188     -3.20   182.42188     -2.70
 182.61719    25.00  182.61719   -36.20  182.61719     -2.60   182.61719     -3.30
 182.81250    23.50  182.81250   -36.50  182.81250     -2.40   182.81250     -2.50
 183.00781    23.60  183.00781   -36.40  183.00781     -2.40   183.00781     -3.00
 183.20312    21.90  183.20312   -35.60  183.20312     -1.50   183.20312     -2.40
 183.39844    20.70  183.39844   -35.60  183.39844     -2.60   183.39844     -2.30
 183.59375    18.00  183.59375   -35.80  183.59375     -2.80   183.59375     -3.30
 183.78906    16.70  183.78906   -35.90  183.78906     -2.10   183.78906     -2.50
 183.98438    15.70  183.98438   -37.40  183.98438     -2.20   183.98438     -2.30
 184.17969    16.10  184.17969   -37.30  184.17969     -2.10   184.17969     -0.80
 184.37500    18.10  184.37500   -37.80  184.37500     -2.80   184.37500     -2.00
 184.57031    19.90  184.57031   -38.50  184.57031     -2.60   184.57031     -2.70
 184.76562    24.90  184.76562   -38.80  184.76562     -3.00   184.76562     -2.60
 184.96094    27.50  184.96094   -39.10  184.96094     -2.70   184.96094     -2.50
 185.15625    34.20  185.15625   -40.30  185.15625     -3.30   185.15625     -2.20
 185.35156    36.80  185.35156   -40.40  185.35156     -2.80   185.35156     -2.50
 185.54688    38.00  185.54688   -40.60  185.54688     -2.70   185.54688     -2.80
 185.74219    35.80  185.74219   -40.50  185.74219     -2.70   185.74219     -2.90
 185.93750    23.10  185.93750   -40.30  185.93750     -2.40   185.93750     -3.00
 186.13281     5.80  186.13281   -40.90  186.13281     -2.30   186.13281     -2.90
 186.32812    -3.10  186.32812   -40.60  186.32812     -1.80   186.32812     -2.30
 186.52344    -8.50  186.52344   -40.30  186.52344     -2.70   186.52344     -3.00
 186.71875   -19.20  186.71875   -40.20  186.71875     -2.40   186.71875     -2.00
 186.91406   -23.60  186.91406   -40.40  186.91406     -1.70   186.91406     -2.10
 187.10938   -33.80  187.10938   -40.70  187.10938     -2.40   187.10938     -1.50
 187.30469   -36.30  187.30469   -41.60  187.30469     -3.10   187.30469     -2.30
 187.50000   -36.00  187.50000   -42.90  187.50000     -2.70   187.50000     -2.40
 187.69531   -30.40  187.69531   -42.20  187.69531     -3.20   187.69531     -2.40
 187.89062   -20.20  187.89062   -42.90  187.89062     -3.40   187.89062     -2.90
 188.08594   -15.90  188.08594   -43.10  188.08594     -3.60   188.08594     -2.80
 188.28125   -12.70  188.28125   -43.10  188.28125     -3.00   188.28125     -2.80
 188.47656   -14.80  188.47656   -43.00  188.47656     -2.80   188.47656     -2.20
 188.67188   -22.10  188.67188   -34.10  188.67188     -2.70   188.67188     -3.50
 188.86719   -25.10  188.86719   -30.40  188.86719     -2.50   188.86719     -2.90
 189.06250   -29.20  189.06250    -9.80  189.06250     -1.70   189.06250     -1.80
 189.25781   -29.70  189.25781     8.30  189.25781     -2.50   189.25781     -2.30
 189.45312   -31.60  189.45312    34.20  189.45312     -3.10   189.45312     -2.50
 189.64844   -32.40  189.64844    47.60  189.64844     -3.30   189.64844     -2.00
 189.84375   -32.10  189.84375    61.10  189.84375     -3.50   189.84375     -2.90
 190.03906   -32.60  190.03906    67.50  190.03906     -2.50   190.03906     -1.50
 190.23438   -33.20  190.23438    69.50  190.23438     -2.40   190.23438     -2.60
 190.42969   -34.20  190.42969    65.60  190.42969     -2.30   190.42969     -3.30
 190.62500   -34.70  190.62500    48.10  190.62500     -3.70   190.62500     -2.70
 190.82031   -35.70  190.82031    38.20  190.82031     -3.00   190.82031     -1.40
 191.01562   -35.50  191.01562    24.60  191.01562     -2.90   191.01562     -2.30
 191.21094   -36.30  191.21094    22.00  191.21094     -2.90   191.21094     -2.60
 191.40625   -35.20  191.40625    21.10  191.40625     -3.30   191.40625     -2.00
 191.60156   -35.40  191.60156    20.80  191.60156     -3.30   191.60156     -3.30
 191.79688   -35.30  191.79688    20.90  191.79688     -3.60   191.79688     -2.30
 191.99219   -36.30  191.99219    19.90  191.99219     -3.00   191.99219     -2.90
 192.18750   -37.70  192.18750    18.70  192.18750     -3.50   192.18750     -2.70
 192.38281   -37.40  192.38281    18.10  192.38281     -2.60   192.38281     -2.60
 192.57812   -37.00  192.57812    18.40  192.57812     -2.60   192.57812     -2.60
 192.77344   -36.40  192.77344    18.80  192.77344     -2.80   192.77344     -2.60
 192.96875   -34.90  192.96875    19.20  192.96875     -2.50   192.96875     -2.40
 193.16406   -35.70  193.16406    19.30  193.16406     -1.90   193.16406     -1.50
 193.35938   -36.90  193.35938    19.50  193.35938     -2.10   193.35938     -1.20
 193.55469   -37.90  193.55469    19.60  193.55469     -2.80   193.55469     -2.90
 193.75000   -39.20  193.75000    19.00  193.75000     -2.20   193.75000     -2.60
 193.94531   -41.60  193.94531    16.90  193.94531     -2.80   193.94531     -2.90
 194.14062   -41.50  194.14062    14.70  194.14062     -2.50   194.14062     -2.70
 194.33594   -42.80  194.33594    12.60  194.33594     -2.30   194.33594     -1.90
 194.53125   -42.80  194.53125     9.30  194.53125     -2.90   194.53125     -2.60
 194.72656   -42.60  194.72656     7.90  194.72656     -2.60   194.72656     -2.70
 194.92188   -41.90  194.92188     6.20  194.92188     -2.80   194.92188     -2.20
 195.11719   -42.60  195.11719     6.40  195.11719     -3.10   195.11719     -2.40
 195.31250   -42.30  195.31250    11.10  195.31250     -3.70   195.31250     -3.00
 195.50781   -42.40  195.50781    14.40  195.50781     -3.00   195.50781     -2.10
 195.70312   -41.90  195.70312    25.30  195.70312     -2.80   195.70312     -1.80
 195.89844   -41.80  195.89844    29.70  195.89844     -2.90   195.89844     -2.10
 196.09375   -42.00  196.09375    36.30  196.09375     -2.50   196.09375     -1.90
 196.28906   -43.00  196.28906    38.30  196.28906     -2.10   196.28906     -2.20
 196.48438   -42.70  196.48438    38.40  196.48438     -1.90   196.48438     -1.80
 196.67969   -43.00  196.67969    38.00  196.67969     -2.40   196.67969     -1.60
 196.87500   -43.30  196.87500    35.10  196.87500     -1.20   196.87500     -2.20
 197.07031   -43.30  197.07031    34.10  197.07031     -2.00   197.07031     -2.10
 197.26562   -42.90  197.26562    31.40  197.26562     -1.70   197.26562     -2.20
 197.46094   -43.50  197.46094    29.50  197.46094     -2.20   197.46094     -2.60
 197.65625   -43.80  197.65625    26.40  197.65625     -3.20   197.65625     -2.50
 197.85156   -44.50  197.85156    25.70  197.85156     -2.40   197.85156     -2.10
 198.04688   -41.50  198.04688    22.80  198.04688     -3.00   198.04688     -3.00
 198.24219   -36.30  198.24219    21.80  198.24219     -3.10   198.24219     -2.60
 198.43750   -17.00  198.43750    20.00  198.43750     -2.70   198.43750     -2.40
 198.63281     3.10  198.63281    18.80  198.63281     -3.50   198.63281     -2.20
 198.82812    28.20  198.82812    18.30  198.82812     -3.40   198.82812     -2.60
 199.02344    45.40  199.02344    17.00  199.02344     -2.20   199.02344     -1.90
 199.21875    67.40  199.21875    16.90  199.21875     -2.60   199.21875     -2.50
 199.41406    75.00  199.41406    17.30  199.41406     -2.50   199.41406     -2.40
 199.60938    79.00  199.60938    18.80  199.60938     -2.80   199.60938     -3.10
 199.80469    71.80  199.80469    20.70  199.80469     -2.80   199.80469     -2.30
