   0.00000    21.50    0.00000   -32.20    0.00000     -5.40     0.00000     -4.30
   0.19531    32.80    0.19531   -19.30    0.19531      1.40     0.19531      1.00
   0.39062    23.30    0.39062   -28.90    0.39062     -2.60     0.39062     -2.40
   0.58594    22.60    0.58594   -32.00    0.58594     -1.50     0.58594     -3.20
   0.78125    22.50    0.78125   -33.00    0.78125     -2.20     0.78125     -2.90
   0.97656    23.30    0.97656   -32.50    0.97656     -2.30     0.97656     -3.40
   1.17188    23.00    1.17188   -32.20    1.17188     -2.40     1.17188     -3.10
   1.36719    22.50    1.36719   -31.60    1.36719     -2.10     1.36719     -3.00
   1.56250    22.00    1.56250   -31.70    1.56250     -3.50     1.56250     -3.30
   1.75781    21.80    1.75781   -31.60    1.75781     -3.30     1.75781     -2.10
   1.95312    21.20    1.95312   -32.40    1.95312     -3.50     1.95312     -2.00
   2.14844    21.60    2.14844   -33.20    2.14844     -3.10     2.14844     -2.20
   2.34375    20.10    2.34375   -34.10    2.34375     -3.40     2.34375     -2.10
   2.53906    21.00    2.53906   -33.10    2.53906     -2.60     2.53906     -3.10
   2.73438    21.60    2.73438   -34.10    2.73438     -3.10     2.73438     -3.30
   2.92969    20.00    2.92969   -33.50    2.92969     -1.80     2.92969     -3.40
   3.12500    20.00    3.12500   -34.40    3.12500     -1.80     3.12500     -1.40
   3.32031    19.00    3.32031   -35.90    3.32031     -1.80     3.32031     -2.00
   3.51562    18.00    3.51562   -36.60    3.51562     -3.00     3.51562     -2.60
   3.71094    17.00    3.71094   -37.80    3.71094     -2.40     3.71094     -1.60
   3.90625    15.90    3.90625   -37.30    3.90625     -3.10     3.90625     -2.80
   4.10156    13.60    4.10156   -36.80    4.10156     -3.20     4.10156     -2.80
   4.29688    12.70    4.29688   -35.70    4.29688     -2.90     4.29688     -2.50
   4.49219    10.30    4.49219   -36.50    4.49219     -3.20     4.49219     -2.70
   4.68750    10.70    4.68750   -37.10    4.68750     -2.80     4.68750     -2.60
   4.88281    12.70    4.88281   -38.10    4.88281     -2.50     4.88281     -3.00
   5.07812    15.70    5.07812   -39.00    5.07812     -1.90     5.07812     -2.30
   5.27344    22.20    5.27344   -39.10    5.27344     -2.30     5.27344     -2.10
   5.46875    28.50    5.46875   -39.40    5.46875     -2.90     5.46875     -2.30
   5.66406    35.70    5.66406   -39.20    5.66406     -3.00     5.66406     -3.00
   5.85938    37.70    5.85938   -39.60    5.85938     -3.00     5.85938     -3.30
   6.05469    39.80    6.05469   -39.60    6.05469     -3.20     6.05469     -2.80
   6.25000    39.60    6.25000   -40.70    6.25000     -1.30     6.25000     -0.90
   6.44531    37.20    6.44531   -40.50    6.44531     -1.70     6.44531     -2.30
   6.64062    35.60    6.64062   -41.10    6.64062     -2.50     6.64062     -3.30
   6.83594    31.70    6.83594   -41.00    6.83594     -2.50     6.83594     -2.60
   7.03125    30.40    7.03125   -41.30    7.03125     -2.20     7.03125      7.30
   7.22656    29.10    7.22656   -41.70    7.22656     -2.00     7.22656     -2.50
   7.42188    26.20    7.42188   -42.20    7.42188     -2.90     7.42188     -3.10
   7.61719    25.20    7.61719   -42.50    7.61719     -3.50     7.61719     -3.10
   7.81250    24.70    7.81250   -42.80    7.81250     -3.70     7.81250     -2.80
   8.00781    24.60    8.00781   -41.80    8.00781     -3.60     8.00781     -2.70
   8.20312    23.50    8.20312   -41.80    8.20312     -3.90     8.20312     -2.30
   8.39844    20.90    8.39844   -42.30    8.39844     -3.50     8.39844     -2.20
   8.59375    19.60    8.59375   -41.80    8.59375     -3.50     8.59375     -2.40
   8.78906    18.00    8.78906   -42.70    8.78906     -2.40     8.78906     -2.60
   8.98438    17.70    8.98438   -43.00    8.98438     -2.00     8.98438     -2.50
   9.17969    18.60    9.17969   -43.00    9.17969     -1.50     9.17969     -2.80
   9.37500    19.90    9.37500   -44.10    9.37500     -3.60     9.37500     -2.90
   9.57031    22.80    9.57031   -41.90    9.57031     -2.80     9.57031     -2.70
   9.76562    25.90    9.76562   -35.90    9.76562     -3.20     9.76562     -2.80
   9.96094    31.00    9.96094   -17.70    9.96094     -2.40     9.96094     -2.00
  10.15625    32.80   10.15625    -3.70   10.15625     -3.30    10.15625     -1.90
  10.35156    34.00   10.35156    26.20   10.35156     -2.70    10.35156     -2.60
  10.54688    31.00   10.54688    40.40   10.54688     -2.90    10.54688     -2.60
  10.74219    21.30   10.74219    55.30   10.74219     -1.50    10.74219     -3.20
  10.93750    10.60   10.93750    63.80   10.93750     -1.70    10.93750     -2.90
  11.13281    -3.20   11.13281    70.90   11.13281     -1.70    11.13281     -2.80
  11.32812   -11.60   11.32812    67.70   11.32812     -2.30    11.32812     -2.60
  11.52344   -20.40   11.52344    56.70   11.52344     -2.70    11.52344     -2.70
  11.71875   -27.70   11.71875    44.80   11.71875     -3.10    11.71875     -3.10
  11.91406   -35.70   11.91406    30.60   11.91406     -2.90    11.91406     -2.20
  12.10938   -39.10   12.10938    23.70   12.10938     -3.00    12.10938     -3.20
  12.30469   -35.30   12.30469    22.00   12.30469     -3.40    12.30469     -3.50
  12.50000   -30.40   12.50000    22.20   12.50000     -3.40    12.50000     -2.70
  12.69531   -19.10   12.69531    23.10   12.69531     -2.90    12.69531     -2.50
  12.89062   -15.60   12.89062    21.80   12.89062     -2.60    12.89062     -2.80
  13.08594   -13.10   13.08594    20.40   13.08594     -1.70    13.08594     -3.10
  13.28125   -16.00   13.28125    20.00   13.28125     -2.40    13.28125     -2.50
  13.47656   -22.50   13.47656    20.50   13.47656     -2.90    13.47656     -3.10
  13.67188   -26.00   13.67188    20.90   13.67188     -2.80    13.67188     -2.50
  13.86719   -30.40   13.86719    20.50   13.86719     -3.40    13.86719     -1.90
  14.06250   -31.90   14.06250    21.00   14.06250     -1.90    14.06250     -2.00
  14.25781   -33.00   14.25781    20.50   14.25781     -2.60    14.25781     -3.40
  14.45312   -33.50   14.45312    21.00   14.45312     -2.50    14.45312     -2.20
  14.64844   -33.70   14.64844    20.20   14.64844     -2.60    14.64844     -3.20
  14.84375   -33.50   14.84375    19.90   14.84375     -3.00    14.84375     -0.70
  15.03906   -34.90   15.03906    17.20   15.03906     -2.80    15.03906     -2.80
  15.23438   -35.20   15.23438    17.30   15.23438     -3.00    15.23438     -2.90
  15.42969   -36.10   15.42969    14.90   15.42969     -3.30    15.42969     -2.50
  15.62500   -36.50   15.62500    13.30   15.62500     -2.80    15.62500     -2.10
  15.82031   -35.70   15.82031    11.10   15.82031     -3.30    15.82031     -3.30
  16.01562   -35.90   16.01562    10.70   16.01562     -1.20    16.01562     -3.40
  16.21094   -36.30   16.21094    10.80   16.21094     -2.50    16.21094     -1.90
  16.40625   -36.20   16.40625    12.10   16.40625     -2.00    16.40625     -2.50
  16.60156   -37.50   16.60156    16.60   16.60156     -3.30    16.60156     -2.00
  16.79688   -37.90   16.79688    19.80   16.79688     -2.70    16.79688     -2.30
  16.99219   -38.30   16.99219    27.90   16.99219     -2.70    16.99219     -2.40
  17.18750   -38.50   17.18750    29.80   17.18750     -2.70    17.18750     -2.40
  17.38281   -38.00   17.38281    34.80   17.38281     -2.60    17.38281     -2.40
  17.57812   -37.70   17.57812    36.80   17.57812     -3.30    17.57812     -3.30
  17.77344   -37.70   17.77344    36.20   17.77344     -3.30    17.77344     -3.10
  17.96875   -38.60   17.96875    35.40   17.96875     -2.80    17.96875     -1.80
  18.16406   -39.70   18.16406    33.80   18.16406     -3.20    18.16406     -2.40
  18.35938   -40.40   18.35938    32.60   18.35938     -2.40    18.35938     -2.70
  18.55469   -40.90   18.55469    30.80   18.55469     -2.10    18.55469     -2.70
  18.75000   -41.60   18.75000    29.30   18.75000     -2.30    18.75000     -1.30
  18.94531   -41.50   18.94531    26.70   18.94531     -2.10    18.94531     -1.90
  19.14062   -40.80   19.14062    25.80   19.14062     -2.60    19.14062     -2.20
  19.33594   -41.00   19.33594    24.80   19.33594     -2.70    19.33594     -2.80
  19.53125   -42.00   19.53125    23.20   19.53125     -2.80    19.53125     -3.20
  19.72656   -42.50   19.72656    22.30   19.72656     -2.80    19.72656     -3.00
  19.92188   -43.10   19.92188    19.60   19.92188     -2.90    19.92188     -3.60
  20.11719   -43.40   20.11719    18.80   20.11719     -2.50    20.11719     -2.90
  20.31250   -42.80   20.31250    19.00   20.31250     -2.80    20.31250     -3.60
  20.50781   -43.80   20.50781    19.90   20.50781     -2.50    20.50781     -3.50
  20.70312   -43.30   20.70312    20.70   20.70312     -2.30    20.70312     -2.40
  20.89844   -43.60   20.89844    23.00   20.89844     -2.90    20.89844     -2.90
  21.09375   -43.80   21.09375    23.90   21.09375     -3.10    21.09375     -2.80
  21.28906   -43.50   21.28906    27.30   21.28906     -2.50    21.28906     -2.70
  21.48438   -44.50   21.48438    29.60   21.48438     -2.90    21.48438     -3.30
  21.67969   -45.50   21.67969    34.00   21.67969     -3.50    21.67969     -3.20
  21.87500   -45.00   21.87500    35.60   21.87500     -3.70    21.87500     -3.00
  22.07031   -44.60   22.07031    35.60   22.07031     -3.10    22.07031     -2.80
  22.26562   -44.60   22.26562    32.80   22.26562     -3.40    22.26562     -3.50
  22.46094   -44.40   22.46094    21.60   22.46094     -3.50    22.46094     -2.80
  22.65625   -44.50   22.65625    11.10   22.65625     -2.60    22.65625     -3.10
  22.85156   -41.40   22.85156    -3.80   22.85156     -3.00    22.85156     -2.40
  23.04688   -33.50   23.04688    -9.60   23.04688     -3.00    23.04688     -4.00
  23.24219   -11.40   23.24219   -16.20   23.24219     -3.00    23.24219     -2.80
  23.43750     5.20   23.43750   -20.60   23.43750     -2.30    23.43750     -2.30
  23.63281    32.50   23.63281   -29.20   23.63281     -2.70    23.63281     -1.90
  23.82812    46.00   23.82812   -32.20   23.82812     -2.20    23.82812     -1.90
  24.02344    64.80   24.02344   -34.30   24.02344     -2.40    24.02344     -1.20
  24.21875    70.70   24.21875   -30.00   24.21875     -2.60    24.21875     -1.70
  24.41406    74.70   24.41406   -20.00   24.41406     -2.70    24.41406     -2.50
  24.60938    70.10   24.60938   -14.50   24.60938     -2.40    24.60938     -2.10
  24.80469    53.60   24.80469   -12.10   24.80469     -1.90    24.80469     -2.80
  25.00000    41.70   25.00000   -14.00   25.00000     -2.90    25.00000     -3.10
  25.19531    28.60   25.19531   -22.00   25.19531     -2.70    25.19531     -4.00
  25.39062    22.40   25.39062   -28.20   25.39062     -2.20    25.39062     -1.40
  25.58594    22.70   25.58594   -32.80   25.58594     -2.80    25.58594     -3.10
  25.78125    22.50   25.78125   -32.00   25.78125     -3.00    25.78125     -2.90
  25.97656    22.80   25.97656   -32.00   25.97656     -2.60    25.97656     -2.80
  26.17188    23.10   26.17188   -31.60   26.17188     -2.70    26.17188     -1.90
  26.36719    23.20   26.36719   -31.90   26.36719     -2.40    26.36719     -2.30
  26.56250    22.20   26.56250   -31.80   26.56250     -1.80    26.56250     -2.90
  26.75781    21.60   26.75781   -32.10   26.75781     -3.00    26.75781     -3.30
  26.95312    21.50   26.95312   -31.60   26.95312     -3.30    26.95312     -2.50
  27.14844    21.20   27.14844   -33.30   27.14844     -2.80    27.14844     -2.90
  27.34375    21.70   27.34375   -33.70   27.34375     -3.10    27.34375     -2.80
  27.53906    22.10   27.53906   -32.70   27.53906     -2.50    27.53906     -2.50
  27.73438    21.90   27.73438   -33.10   27.73438     -3.10    27.73438     -2.70
  27.92969    20.40   27.92969   -33.90   27.92969     -3.30    27.92969     -2.90
  28.12500    20.60   28.12500   -34.00   28.12500     -2.80    28.12500     -1.90
  28.32031    18.80   28.32031   -34.90   28.32031     -2.90    28.32031     -2.20
  28.51562    18.30   28.51562   -36.30   28.51562     -2.30    28.51562     -2.80
  28.71094    16.70   28.71094   -36.50   28.71094     -1.80    28.71094     -2.80
  28.90625    15.50   28.90625   -37.00   28.90625     -1.80    28.90625     -2.60
  29.10156    12.90   29.10156   -36.30   29.10156     -2.80    29.10156     -2.90
  29.29688    11.30   29.29688   -36.70   29.29688     -1.80    29.29688     -3.20
  29.49219    10.20   29.49219   -36.50   29.49219     -2.90    29.49219     -2.40
  29.68750    10.90   29.68750   -36.50   29.68750     -2.60    29.68750     -2.60
  29.88281    14.10   29.88281   -39.10   29.88281     -2.90    29.88281     -2.10
  30.07812    18.40   30.07812   -39.60   30.07812     -3.50    30.07812     -2.10
  30.27344    23.50   30.27344   -39.20   30.27344     -3.20    30.27344     -2.40
  30.46875    28.70   30.46875   -39.30   30.46875     -2.90    30.46875     -2.60
  30.66406    35.70   30.66406   -39.20   30.66406     -3.20    30.66406     -2.40
  30.85938    38.10   30.85938   -40.30   30.85938     -3.00    30.85938     -2.20
  31.05469    39.90   31.05469   -40.50   31.05469     -2.30    31.05469     -3.30
  31.25000    39.40   31.25000   -40.90   31.25000     -2.90    31.25000     -2.70
  31.44531    36.80   31.44531   -41.60   31.44531     -2.80    31.44531     -3.90
  31.64062    35.10   31.64062   -41.40   31.64062     -2.90    31.64062     -2.70
  31.83594    32.40   31.83594   -41.80   31.83594     -3.30    31.83594     -3.20
  32.03125    30.40   32.03125   -41.50   32.03125     -3.20    32.03125     -3.00
  32.22656    27.90   32.22656   -41.70   32.22656     -3.10    32.22656     -2.70
  32.42188    26.40   32.42188   -41.40   32.42188     -3.00    32.42188     -3.10
  32.61719    24.90   32.61719   -41.00   32.61719     -2.90    32.61719     -2.50
  32.81250    24.10   32.81250   -42.20   32.81250     -2.80    32.81250     -2.40
  33.00781    23.90   33.00781   -42.20   33.00781     -1.50    33.00781     -2.80
  33.20312    22.70   33.20312   -43.30   33.20312     -1.60    33.20312     -2.80
  33.39844    21.00   33.39844   -43.20   33.39844     -2.50    33.39844     -3.10
  33.59375    19.90   33.59375   -43.00   33.59375     -3.30    33.59375     -2.50
  33.78906    18.90   33.78906   -43.90   33.78906     -3.20    33.78906     -2.90
  33.98438    18.20   33.98438   -43.00   33.98438     -3.50    33.98438     -3.10
  34.17969    18.90   34.17969   -43.50   34.17969     -2.90    34.17969     -2.80
  34.37500    19.70   34.37500   -44.20   34.37500     -2.80    34.37500     -3.20
  34.57031    23.00   34.57031   -42.80   34.57031     -2.60    34.57031     -2.00
  34.76562    25.60   34.76562   -39.00   34.76562     -3.40    34.76562     -2.50
  34.96094    30.60   34.96094   -23.00   34.96094     -2.90    34.96094     -2.00
  35.15625    32.80   35.15625   -11.30   35.15625     -2.40    35.15625     -2.60
  35.35156    35.20   35.35156    16.50   35.35156     -2.40    35.35156     -2.80
  35.54688    32.80   35.54688    33.20   35.54688     -2.40    35.54688     -2.10
  35.74219    22.70   35.74219    54.60   35.74219     -2.40    35.74219     -2.10
  35.93750    11.90   35.93750    62.10   35.93750     -3.10    35.93750     -3.00
  36.13281    -4.20   36.13281    69.50   36.13281     -2.20    36.13281     -2.10
  36.32812   -11.00   36.32812    69.20   36.32812     -2.30    36.32812     -2.70
  36.52344   -18.40   36.52344    59.70   36.52344     -3.10    36.52344     -2.70
  36.71875   -24.10   36.71875    49.90   36.71875     -2.70    36.71875     -3.60
  36.91406   -34.00   36.91406    32.00   36.91406     -2.20    36.91406     -2.90
  37.10938   -37.80   37.10938    23.70   37.10938     -2.60    37.10938     -3.40
  37.30469   -34.70   37.30469    22.20   37.30469     -3.00    37.30469     -2.80
  37.50000   -28.50   37.50000    22.90   37.50000     -2.40    37.50000     -2.50
  37.69531   -19.60   37.69531    23.30   37.69531     -3.00    37.69531     -2.00
  37.89062   -14.60   37.89062    22.40   37.89062     -2.20    37.89062     -2.40
  38.08594   -13.70   38.08594    21.00   38.08594     -2.70    38.08594     -2.70
  38.28125   -15.90   38.28125    20.50   38.28125     -2.60    38.28125     -2.50
  38.47656   -23.60   38.47656    19.50   38.47656     -1.80    38.47656     -2.30
  38.67188   -27.30   38.67188    19.80   38.67188     -1.00    38.67188     -2.60
  38.86719   -30.20   38.86719    20.30   38.86719     -2.50    38.86719     -1.80
  39.06250   -31.70   39.06250    21.20   39.06250     -2.00    39.06250     -2.40
  39.25781   -32.40   39.25781    21.10   39.25781     -2.20    39.25781     -3.00
  39.45312   -33.00   39.45312    20.80   39.45312     -2.80    39.45312     -2.10
  39.64844   -33.80   39.64844    19.50   39.64844     -2.60    39.64844     -2.90
  39.84375   -34.20   39.84375    19.30   39.84375     -3.10    39.84375     -3.50
  40.03906   -34.50   40.03906    18.00   40.03906     -2.20    40.03906     -3.30
  40.23438   -35.30   40.23438    17.10   40.23438     -2.30    40.23438     -3.70
  40.42969   -36.50   40.42969    16.10   40.42969     -2.80    40.42969     -2.80
  40.62500   -36.50   40.62500    14.60   40.62500     -2.90    40.62500     -3.50
  40.82031   -36.80   40.82031    11.80   40.82031     -3.20    40.82031     -3.10
  41.01562   -36.50   41.01562    10.30   41.01562     -2.90    41.01562     -2.10
  41.21094   -36.30   41.21094    10.60   41.21094     -3.70    41.21094     -2.40
  41.40625   -36.40   41.40625    11.20   41.40625     -3.00    41.40625     -2.20
  41.60156   -36.50   41.60156    15.70   41.60156     -3.20    41.60156     -2.20
  41.79688   -37.30   41.79688    20.20   41.79688     -3.00    41.79688     -2.80
  41.99219   -38.60   41.99219    27.20   41.99219     -2.00    41.99219     -2.20
  42.18750   -38.40   42.18750    31.20   42.18750     -3.10    42.18750     -2.70
  42.38281   -38.10   42.38281    35.10   42.38281     -3.20    42.38281     -2.50
  42.57812   -37.80   42.57812    37.10   42.57812     -2.70    42.57812     -2.10
  42.77344   -38.60   42.77344    36.50   42.77344     -3.10    42.77344     -3.40
  42.96875   -38.50   42.96875    35.70   42.96875     -2.60    42.96875     -2.60
  43.16406   -39.00   43.16406    34.70   43.16406     -2.40    43.16406     -2.20
  43.35938   -40.80   43.35938    32.80   43.35938     -2.30    43.35938     -2.90
  43.55469   -41.20   43.55469    30.20   43.55469     -2.70    43.55469     -2.40
  43.75000   -42.10   43.75000    28.30   43.75000     -2.30    43.75000     -2.80
  43.94531   -41.70   43.94531    27.20   43.94531     -2.70    43.94531     -1.40
  44.14062   -40.80   44.14062    25.40   44.14062     -2.40    44.14062     -1.80
  44.33594   -41.20   44.33594    23.60   44.33594     -2.90    44.33594     -1.50
  44.53125   -41.90   44.53125    22.90   44.53125     -3.40    44.53125     -2.40
  44.72656   -28.90   44.72656    34.60   44.72656     10.20    44.72656      9.60
  44.92188   -29.80   44.92188    33.60   44.92188     10.60    44.92188     10.30
  45.11719   -43.10   45.11719    19.40   45.11719     -2.60    45.11719     -2.00
  45.31250   -43.90   45.31250    19.50   45.31250     -2.10    45.31250     -3.10
  45.50781   -43.90   45.50781    19.60   45.50781     -1.80    45.50781     -3.30
  45.70312   -44.10   45.70312    20.30   45.70312     -2.40    45.70312     -2.80
  45.89844   -43.30   45.89844    22.60   45.89844     -2.70    45.89844     -2.70
  46.09375   -43.00   46.09375    23.90   46.09375     -3.00    46.09375     -2.80
  46.28906   -43.80   46.28906    26.20   46.28906     -2.30    46.28906     -2.40
  46.48438   -44.30   46.48438    28.10   46.48438     -3.60    46.48438     -2.50
  46.67969   -44.30   46.67969    32.70   46.67969     -3.80    46.67969     -2.60
  46.87500   -44.50   46.87500    34.10   46.87500     -2.90    46.87500     -2.70
  47.07031   -43.80   47.07031    36.20   47.07031     -2.70    47.07031     -2.90
  47.26562   -44.30   47.26562    34.40   47.26562     -3.00    47.26562     -3.70
  47.46094   -45.00   47.46094    24.30   47.46094     -2.20    47.46094     -3.70
  47.65625   -44.20   47.65625    11.90   47.65625     -2.60    47.65625     -2.90
  47.85156   -41.60   47.85156    -1.40   47.85156     -2.40    47.85156     -2.80
  48.04688   -35.90   48.04688    -8.50   48.04688     -3.10    48.04688     -2.30
  48.24219   -15.30   48.24219   -16.10   48.24219     -2.60    48.24219     -2.80
  48.43750    -3.30   48.43750   -18.80   48.43750     -2.90    48.43750     -2.20
  48.63281    25.20   48.63281   -27.90   48.63281     -2.20    48.63281     -2.60
  48.82812    40.80   48.82812   -31.50   48.82812     -2.10    48.82812     -2.50
  49.02344    59.80   49.02344   -34.50   49.02344     -3.20    49.02344     -2.30
  49.21875    69.30   49.21875   -32.20   49.21875     -3.30    49.21875     -2.80
  49.41406    73.90   49.41406   -21.00   49.41406     -2.30    49.41406     -3.30
  49.60938    66.40   49.60938   -13.50   49.60938     -2.90    49.60938     -2.30
  49.80469    53.80   49.80469   -12.30   49.80469     -2.80    49.80469     -2.30
  50.00000    42.00   50.00000   -15.10   50.00000     -2.60    50.00000     -2.10
  50.19531    29.00   50.19531   -23.10   50.19531     -2.20    50.19531     -1.50
  50.39062    23.40   50.39062   -27.30   50.39062     -3.00    50.39062     -2.40
  50.58594    21.60   50.58594   -31.90   50.58594     -2.70    50.58594     -2.70
  50.78125    22.50   50.78125   -31.70   50.78125     -3.10    50.78125     -3.30
  50.97656    23.10   50.97656   -31.90   50.97656     -2.00    50.97656     -2.90
  51.17188    23.40   51.17188   -32.30   51.17188     -2.60    51.17188     -2.60
  51.36719    23.20   51.36719   -30.50   51.36719     -2.70    51.36719     -2.40
  51.56250    22.70   51.56250   -31.60   51.56250     -2.20    51.56250     -2.70
  51.75781    21.60   51.75781   -32.10   51.75781     -2.80    51.75781     -2.70
  51.95312    21.90   51.95312   -32.20   51.95312     -2.20    51.95312     -2.80
  52.14844    21.60   52.14844   -33.60   52.14844     -2.90    52.14844     -1.70
  52.34375    22.00   52.34375   -33.90   52.34375     -2.10    52.34375     -2.50
  52.53906    22.00   52.53906   -34.40   52.53906     -2.10    52.53906     -2.20
  52.73438    22.70   52.73438   -34.40   52.73438     -1.30    52.73438     -2.60
  52.92969    21.90   52.92969   -34.30   52.92969     -2.20    52.92969     -2.30
  53.12500    21.40   53.12500   -34.00   53.12500     -2.00    53.12500     -2.20
  53.32031    19.60   53.32031   -34.90   53.32031     -2.20    53.32031     -2.10
  53.51562    18.80   53.51562   -36.50   53.51562     -2.30    53.51562     -2.50
  53.71094    19.50   53.71094   -36.90   53.71094     -1.10    53.71094     -2.50
  53.90625    16.60   53.90625   -36.60   53.90625     -1.50    53.90625     -2.70
  54.10156    14.70   54.10156   -36.20   54.10156     -1.70    54.10156     -2.90
  54.29688    13.80   54.29688   -36.20   54.29688     -2.10    54.29688     -2.90
  54.49219    10.60   54.49219   -36.10   54.49219     -3.00    54.49219     -2.90
  54.68750    10.40   54.68750   -36.80   54.68750     -2.90    54.68750     -3.20
  54.88281    11.20   54.88281   -38.40   54.88281     -3.10    54.88281     -2.70
  55.07812    12.80   55.07812   -39.20   55.07812     -3.60    55.07812     -3.10
  55.27344    20.50   55.27344   -40.00   55.27344     -3.90    55.27344     -2.80
  55.46875    26.50   55.46875   -40.00   55.46875     -3.60    55.46875     -2.60
  55.66406    33.90   55.66406   -39.60   55.66406     -3.20    55.66406     -3.10
  55.85938    36.80   55.85938   -39.10   55.85938     -3.50    55.85938     -3.10
  56.05469    40.00   56.05469   -40.60   56.05469     -2.20    56.05469     -3.20
  56.25000    40.00   56.25000   -41.10   56.25000     -2.60    56.25000     -2.60
  56.44531    37.60   56.44531   -41.10   56.44531     -2.70    56.44531     -2.40
  56.64062    36.20   56.64062   -41.10   56.64062     -2.10    56.64062     -2.60
  56.83594    33.40   56.83594   -41.60   56.83594     -1.30    56.83594     -1.80
  57.03125    31.20   57.03125   -41.60   57.03125     -2.90    57.03125     -2.00
  57.22656    28.80   57.22656   -41.10   57.22656     -2.30    57.22656     -1.80
  57.42188    27.90   57.42188   -41.10   57.42188     -2.90    57.42188     -2.30
  57.61719    25.40   57.61719   -42.00   57.61719     -2.30    57.61719     -1.90
  57.81250    25.00   57.81250   -41.60   57.81250     -2.60    57.81250     -2.80
  58.00781    23.40   58.00781   -41.80   58.00781     -2.80    58.00781     -1.90
  58.20312    21.90   58.20312   -42.00   58.20312     -2.70    58.20312     -2.40
  58.39844    20.90   58.39844   -41.60   58.39844     -2.30    58.39844     -2.40
  58.59375    20.00   58.59375   -42.10   58.59375     -2.60    58.59375     -2.40
  58.78906    18.90   58.78906   -43.00   58.78906     -2.60    58.78906     -1.90
  58.98438    18.30   58.98438   -42.70   58.98438     -3.10    58.98438     -1.70
  59.17969    18.80   59.17969   -43.00   59.17969     -1.80    59.17969     -3.40
  59.37500    19.30   59.37500   -43.70   59.37500     -2.60    59.37500     -3.20
  59.57031    22.20   59.57031   -42.70   59.57031     -2.20    59.57031     -2.90
  59.76562    23.40   59.76562   -40.60   59.76562     -2.00    59.76562     -2.70
  59.96094    27.80   59.96094   -27.00   59.96094     -2.80    59.96094     -2.60
  60.15625    31.40   60.15625   -11.70   60.15625     -3.30    60.15625     -2.70
  60.35156    34.40   60.35156    16.20   60.35156     -2.00    60.35156     -3.10
  60.54688    33.70   60.54688    27.30   60.54688     -3.20    60.54688     -3.30
  60.74219    24.00   60.74219    52.90   60.74219     -3.10    60.74219     -2.50
  60.93750    14.10   60.93750    60.80   60.93750     -3.00    60.93750     -2.90
  61.13281    -1.00   61.13281    69.10   61.13281     -2.60    61.13281     -2.80
  61.32812    -7.10   61.32812    70.00   61.32812     -2.20    61.32812     -2.50
  61.52344   -17.10   61.52344    60.90   61.52344     -1.90    61.52344     -2.80
  61.71875   -23.10   61.71875    51.80   61.71875     -2.40    61.71875     -2.00
  61.91406   -35.20   61.91406    32.10   61.91406     -2.50    61.91406     -2.90
  62.10938   -38.00   62.10938    27.30   62.10938     -2.20    62.10938     -2.40
  62.30469   -37.00   62.30469    22.50   62.30469     -2.50    62.30469     -3.00
  62.50000   -33.50   62.50000    22.00   62.50000     -2.40    62.50000     -2.30
  62.69531   -22.20   62.69531    22.60   62.69531     -2.10    62.69531     -1.50
  62.89062   -18.00   62.89062    22.70   62.89062     -1.70    62.89062     -2.10
  63.08594     0.20   63.08594    34.40   63.08594     10.40    63.08594     10.40
  63.28125    -1.00   63.28125    33.90   63.28125     10.30    63.28125     10.90
  63.47656   -20.60   63.47656    20.50   63.47656     -2.80    63.47656     -3.10
  63.67188   -24.00   63.67188    20.90   63.67188     -2.90    63.67188     -2.70
  63.86719   -29.30   63.86719    20.70   63.86719     -2.60    63.86719     -3.20
  64.06250   -30.80   64.06250    21.20   64.06250     -2.30    64.06250     -3.50
  64.25781   -33.20   64.25781    20.40   64.25781     -3.00    64.25781     -4.10
  64.45312   -33.40   64.45312    20.20   64.45312     -3.20    64.45312     -3.20
  64.64844   -34.30   64.64844    20.30   64.64844     -0.20    64.64844     -2.60
  64.84375   -34.20   64.84375    19.70   64.84375     -3.20    64.84375     -2.50
  65.03906   -34.50   65.03906    17.50   65.03906     -3.10    65.03906     -2.20
  65.23438   -34.90   65.23438    17.10   65.23438     -4.00    65.23438     -2.50
  65.42969   -35.80   65.42969    15.30   65.42969     -3.30    65.42969     -2.50
  65.62500   -37.20   65.62500    13.60   65.62500     -3.30    65.62500     -3.00
  65.82031   -37.20   65.82031    11.80   65.82031     -3.80    65.82031     -3.00
  66.01562   -37.60   66.01562    11.10   66.01562     -2.80    66.01562     -3.00
  66.21094   -36.60   66.21094     9.70   66.21094      0.20    66.21094     -2.80
  66.40625   -36.50   66.40625    10.10   66.40625     -2.70    66.40625     -2.30
  66.60156   -37.50   66.60156    15.00   66.60156     -3.40    66.60156     -3.30
  66.79688   -37.30   66.79688    17.90   66.79688     -2.70    66.79688     -3.30
  66.99219   -38.40   66.99219    25.80   66.99219     -2.60    66.99219     -1.80
  67.18750   -38.40   67.18750    29.90   67.18750     -3.00    67.18750     -2.70
  67.38281   -38.30   67.38281    34.80   67.38281     -2.60    67.38281     -3.10
  67.57812   -37.20   67.57812    36.60   67.57812     -2.60    67.57812     -2.10
  67.77344   -36.40   67.77344    36.20   67.77344     -3.50    67.77344     -2.80
  67.96875   -37.80   67.96875    35.80   67.96875     -2.80    67.96875     -2.80
  68.16406   -39.20   68.16406    34.40   68.16406     -3.00    68.16406     -2.40
  68.35938   -40.10   68.35938    33.30   68.35938     -2.00    68.35938     -3.30
  68.55469   -41.30   68.55469    30.30   68.55469     -2.10    68.55469     -2.70
  68.75000   -42.10   68.75000    29.70   68.75000     -2.50    68.75000     -2.40
  68.94531   -42.20   68.94531    27.50   68.94531     -2.60    68.94531     -2.10
  69.14062   -41.40   69.14062    26.80   69.14062     -2.20    69.14062     -2.10
  69.33594   -41.50   69.33594    24.90   69.33594     -2.80    69.33594     -2.70
  69.53125   -41.50   69.53125    23.80   69.53125     -3.00    69.53125     -2.60
  69.72656   -41.70   69.72656    21.90   69.72656     -3.00    69.72656     -3.00
  69.92188   -43.00   69.92188    21.00   69.92188     -2.80    69.92188     -3.30
  70.11719   -43.20   70.11719    19.00   70.11719     -2.10    70.11719     -3.40
  70.31250   -43.70   70.31250    19.30   70.31250     -2.60    70.31250     -2.60
  70.50781   -43.90   70.50781    18.90   70.50781     -2.40    70.50781     -3.20
  70.70312   -43.40   70.70312    18.70   70.70312     -3.00    70.70312     -1.80
  70.89844   -43.10   70.89844    21.60   70.89844     -2.60    70.89844     -2.30
  71.09375   -43.30   71.09375    23.00   71.09375     -3.10    71.09375     -2.50
  71.28906   -44.10   71.28906    25.80   71.28906     -2.70    71.28906     -2.30
  71.48438   -44.30   71.48438    27.80   71.48438     -2.90    71.48438     -2.00
  71.67969   -45.00   71.67969    33.00   71.67969     -2.20    71.67969     -2.40
  71.87500   -45.50   71.87500    33.30   71.87500     -3.40    71.87500     -2.70
  72.07031   -45.00   72.07031    37.30   72.07031     -3.30    72.07031     -2.30
  72.26562   -44.80   72.26562    37.40   72.26562     -2.90    72.26562     -2.90
  72.46094   -44.70   72.46094    33.50   72.46094     -2.70    72.46094     -2.80
  72.65625   -44.50   72.65625    20.10   72.65625     -3.40    72.65625     -2.60
  72.85156   -43.20   72.85156    -0.60   72.85156     -3.60    72.85156     -2.40
  73.04688   -39.70   73.04688    -5.40   73.04688     -3.00    73.04688     -2.90
  73.24219   -23.90   73.24219   -13.10   73.24219     -3.10    73.24219     -2.60
  73.43750   -11.80   73.43750   -16.60   73.43750     -3.40    73.43750     -2.60
  73.63281    19.40   73.63281   -24.50   73.63281     -3.10    73.63281     -2.60
  73.82812    30.40   73.82812   -28.70   73.82812     -2.30    73.82812     -2.10
  74.02344    56.00   74.02344   -34.20   74.02344     -2.40    74.02344     -2.40
  74.21875    67.20   74.21875   -33.30   74.21875     -3.00    74.21875     -2.80
  74.41406    74.80   74.41406   -24.00   74.41406     -3.20    74.41406     -2.50
  74.60938    75.10   74.60938   -20.80   74.60938     -1.60    74.60938     -2.80
  74.80469    62.00   74.80469   -10.90   74.80469     -2.10    74.80469     -1.50
  75.00000    52.40   75.00000   -12.30   75.00000     -2.90    75.00000     -2.20
  75.19531    31.60   75.19531   -21.20   75.19531     -2.20    75.19531     -2.30
  75.39062    28.40   75.39062   -24.50   75.39062     -2.30    75.39062     -2.70
  75.58594    22.90   75.58594   -31.30   75.58594     -2.80    75.58594     -3.30
  75.78125    21.80   75.78125   -33.00   75.78125     -3.40    75.78125     -2.50
  75.97656    22.30   75.97656   -32.70   75.97656     -3.20    75.97656     -3.40
  76.17188    22.50   76.17188   -32.40   76.17188     -2.40    76.17188     -3.10
  76.36719    22.20   76.36719   -30.70   76.36719     -2.40    76.36719     -3.00
  76.56250    22.60   76.56250   -30.60   76.56250     -2.50    76.56250     -2.90
  76.75781    21.60   76.75781   -31.60   76.75781     -1.50    76.75781     -1.90
  76.95312    20.90   76.95312   -31.50   76.95312     -2.20    76.95312     -1.80
  77.14844    22.20   77.14844   -33.30   77.14844     -2.30    77.14844     -1.70
  77.34375    22.00   77.34375   -34.20   77.34375     -2.30    77.34375     -2.50
  77.53906    23.00   77.53906   -34.40   77.53906     -2.90    77.53906     -3.10
  77.73438    22.60   77.73438   -34.30   77.73438     -2.80    77.73438     -2.90
  77.92969    22.00   77.92969   -33.90   77.92969     -2.20    77.92969     -2.70
  78.12500    21.70   78.12500   -33.90   78.12500     -3.00    78.12500     -2.40
  78.32031    20.70   78.32031   -35.20   78.32031     -2.40    78.32031     -3.50
  78.51562    19.70   78.51562   -36.70   78.51562     -2.40    78.51562     -2.60
  78.71094    18.20   78.71094   -37.70   78.71094     -2.50    78.71094     -2.90
  78.90625    16.60   78.90625   -38.10   78.90625     -2.40    78.90625     -3.20
  79.10156    14.20   79.10156   -36.40   79.10156     -2.20    79.10156     -3.30
  79.29688    12.90   79.29688   -36.50   79.29688     -1.90    79.29688     -1.70
  79.49219    10.20   79.49219   -36.60   79.49219     -1.70    79.49219     -2.20
  79.68750    10.00   79.68750   -36.50   79.68750     -2.50    79.68750     -2.70
  79.88281    11.90   79.88281   -38.40   79.88281     -2.20    79.88281     -2.80
  80.07812    13.70   80.07812   -38.10   80.07812     -2.60    80.07812     -3.20
  80.27344    20.20   80.27344   -38.80   80.27344     -2.40    80.27344     -2.40
  80.46875    26.20   80.46875   -39.00   80.46875     -2.50    80.46875     -2.40
  80.66406    34.70   80.66406   -39.00   80.66406     -3.40    80.66406     -2.50
  80.85938    37.00   80.85938   -39.10   80.85938     -3.30    80.85938     -2.50
  81.05469    39.80   81.05469   -39.30   81.05469     -3.10    81.05469     -3.30
  81.25000    39.30   81.25000   -40.50   81.25000     -2.50    81.25000     -3.20
  81.44531    37.80   81.44531   -41.20   81.44531     -3.50    81.44531     -3.60
  81.64062    36.50   81.64062   -40.50   81.64062     -3.30    81.64062     -3.60
  81.83594    33.40   81.83594   -40.90   81.83594     -3.40    81.83594     -2.90
  82.03125    30.80   82.03125   -40.80   82.03125     -3.50    82.03125     -2.90
  82.22656    28.70   82.22656   -41.50   82.22656     -2.50    82.22656     -2.70
  82.42188    27.90   82.42188   -41.40   82.42188     -2.10    82.42188     -2.00
  82.61719    26.00   82.61719   -41.30   82.61719     -2.00    82.61719     -2.20
  82.81250    25.40   82.81250   -41.70   82.81250     -3.20    82.81250     -2.40
  83.00781    24.10   83.00781   -41.40   83.00781     -2.60    83.00781     -2.30
  83.20312    22.80   83.20312   -41.60   83.20312     -2.90    83.20312     -2.00
  83.39844    21.70   83.39844   -41.70   83.39844     -2.70    83.39844     -2.70
  83.59375    20.10   83.59375   -42.70   83.59375     -2.70    83.59375     -2.80
  83.78906    18.20   83.78906   -43.60   83.78906     -3.10    83.78906     -3.00
  83.98438    18.60   83.98438   -43.90   83.98438     -3.00    83.98438     -2.70
  84.17969    19.10   84.17969   -43.60   84.17969     -2.00    84.17969     -2.80
  84.37500    19.60   84.37500   -43.40   84.37500     -2.30    84.37500     -2.20
  84.57031    22.30   84.57031   -43.00   84.57031     -1.90    84.57031     -2.50
  84.76562    23.50   84.76562   -41.10   84.76562     -2.30    84.76562     -2.20
  84.96094    28.60   84.96094   -26.10   84.96094     -3.00    84.96094     -1.60
  85.15625    31.20   85.15625   -13.10   85.15625     -2.40    85.15625     -1.80
  85.35156    33.80   85.35156    15.60   85.35156     -2.30    85.35156     -2.40
  85.54688    33.50   85.54688    25.60   85.54688     -3.20    85.54688     -3.40
  85.74219    24.40   85.74219    49.60   85.74219     -2.80    85.74219     -2.50
  85.93750    12.80   85.93750    59.00   85.93750     -2.40    85.93750     -3.00
  86.13281    -3.30   86.13281    69.70   86.13281     -2.10    86.13281     -2.60
  86.32812    -6.50   86.32812    69.20   86.32812     -1.40    86.32812     -2.10
  86.52344   -19.70   86.52344    60.50   86.52344     -2.90    86.52344     -1.90
  86.71875   -24.40   86.71875    53.00   86.71875     -2.50    86.71875     -1.70
  86.91406   -35.10   86.91406    34.80   86.91406     -2.40    86.91406     -2.40
  87.10938   -37.90   87.10938    28.70   87.10938     -2.90    87.10938     -1.80
  87.30469   -36.00   87.30469    22.60   87.30469     -1.90    87.30469     -2.40
  87.50000   -32.60   87.50000    22.00   87.50000     -3.40    87.50000     -2.20
  87.69531   -19.90   87.69531    22.70   87.69531     -2.80    87.69531     -3.20
  87.89062   -15.90   87.89062    22.90   87.89062     -2.60    87.89062     -2.00
  88.08594   -12.60   88.08594    21.60   88.08594     -2.10    88.08594     -2.10
  88.28125   -14.90   88.28125    20.80   88.28125     -3.00    88.28125     -2.80
  88.47656   -22.70   88.47656    20.30   88.47656     -3.50    88.47656     -2.70
  88.67188   -26.10   88.67188    19.90   88.67188     -3.30    88.67188     -2.90
  88.86719   -30.50   88.86719    19.90   88.86719     -3.20    88.86719     -2.50
  89.06250   -31.40   89.06250    20.20   89.06250     -3.00    89.06250     -3.40
  89.25781   -33.30   89.25781    20.00   89.25781     -3.50    89.25781     -3.30
  89.45312   -33.00   89.45312    20.40   89.45312     -3.90    89.45312     -3.30
  89.64844   -33.30   89.64844    19.30   89.64844     -3.40    89.64844     -1.50
  89.84375   -33.70   89.84375    19.20   89.84375     -3.00    89.84375     -3.70
  90.03906   -33.80   90.03906    17.80   90.03906     -2.60    90.03906     -3.30
  90.23438   -35.20   90.23438    17.90   90.23438     -2.30    90.23438     -3.00
  90.42969   -36.10   90.42969    16.20   90.42969     -2.60    90.42969     -2.90
  90.62500   -36.30   90.62500    15.10   90.62500     -2.10    90.62500     -2.10
  90.82031   -36.90   90.82031    13.40   90.82031     -2.90    90.82031     -2.70
  91.01562   -36.30   91.01562    12.40   91.01562     -2.70    91.01562     -2.60
  91.21094   -35.30   91.21094    11.00   91.21094     -3.00    91.21094     -2.30
  91.40625   -35.40   91.40625    10.50   91.40625     -3.10    91.40625     -2.30
  91.60156   -35.00   91.60156    14.30   91.60156     -1.70    91.60156     -2.40
  91.79688   -36.80   91.79688    16.50   91.79688     -2.60    91.79688     -2.40
  91.99219   -38.10   91.99219    24.50   91.99219     -2.40    91.99219     -2.20
  92.18750   -38.40   92.18750    28.50   92.18750     -2.60    92.18750     -2.50
  92.38281   -38.50   92.38281    34.90   92.38281     -2.50    92.38281     -1.70
  92.57812   -38.20   92.57812    35.70   92.57812     -2.10    92.57812     -2.80
  92.77344   -37.60   92.77344    36.70   92.77344     -1.50    92.77344     -2.70
  92.96875   -38.20   92.96875    37.00   92.96875     -2.70    92.96875     -2.00
  93.16406   -38.80   93.16406    34.00   93.16406     -2.60    93.16406     -2.20
  93.35938   -40.00   93.35938    32.70   93.35938     -2.50    93.35938     -0.90
  93.55469   -40.90   93.55469    31.50   93.55469     -2.80    93.55469     -1.40
  93.75000   -41.30   93.75000    30.00   93.75000     -2.70    93.75000     -2.50
  93.94531   -41.90   93.94531    27.40   93.94531     -2.70    93.94531     -2.60
  94.14062   -42.40   94.14062    26.80   94.14062     -2.70    94.14062     -2.70
  94.33594   -41.90   94.33594    24.40   94.33594     -2.90    94.33594     -2.60
  94.53125   -41.90   94.53125    23.20   94.53125     -3.00    94.53125     -2.30
  94.72656   -42.50   94.72656    21.50   94.72656     -3.30    94.72656     -2.40
  94.92188   -42.30   94.92188    21.30   94.92188     -2.80    94.92188     -1.60
  95.11719   -43.20   95.11719    19.00   95.11719     -2.10    95.11719     -2.70
  95.31250   -43.80   95.31250    19.00   95.31250     -2.40    95.31250     -2.40
  95.50781   -43.00   95.50781    19.00   95.50781     -2.60    95.50781     -2.40
  95.70312   -43.50   95.70312    18.60   95.70312     -1.20    95.70312     -2.60
  95.89844   -43.00   95.89844    21.60   95.89844     -2.00    95.89844     -2.10
  96.09375   -43.80   96.09375    23.20   96.09375     -2.40    96.09375     -2.90
  96.28906   -43.50   96.28906    25.80   96.28906     -2.40    96.28906     -2.30
  96.48438   -44.20   96.48438    28.10   96.48438     -3.30    96.48438     -2.80
  96.67969   -45.10   96.67969    30.90   96.67969     -2.60    96.67969     -2.50
  96.87500   -44.50   96.87500    33.00   96.87500     -3.00    96.87500     -2.80
  97.07031   -44.40   97.07031    34.80   97.07031     -3.00    97.07031     -2.50
  97.26562   -44.90   97.26562    36.10   97.26562     -2.00    97.26562     -2.30
  97.46094   -44.50   97.46094    29.80   97.46094     -2.20    97.46094     -3.00
  97.65625   -44.80   97.65625    21.90   97.65625     -2.50    97.65625     -2.20
  97.85156   -43.90   97.85156     2.40   97.85156     -2.20    97.85156     -2.80
  98.04688   -42.40   98.04688    -2.60   98.04688     -1.50    98.04688     -1.60
  98.24219   -29.20   98.24219   -12.80   98.24219     -2.00    98.24219     -2.30
  98.43750   -16.00   98.43750   -16.70   98.43750     -2.10    98.43750     -2.20
  98.63281    12.00   98.63281   -25.20   98.63281     -3.10    98.63281     -2.50
  98.82812    25.50   98.82812   -29.50   98.82812     -2.90    98.82812     -2.10
  99.02344    52.00   99.02344   -34.30   99.02344     -2.90    99.02344     -2.80
  99.21875    63.80   99.21875   -33.60   99.21875     -3.50    99.21875     -2.60
  99.41406    74.30   99.41406   -24.60   99.41406     -3.60    99.41406     -3.10
  99.60938    74.80   99.60938   -20.50   99.60938     -2.60    99.60938     -3.10
  99.80469    63.90   99.80469   -12.10   99.80469     -2.20    99.80469     -1.90
 100.00000    53.40  100.00000   -12.90  100.00000     -2.00   100.00000     -2.80
 100.19531    35.60  100.19531   -20.70  100.19531     -2.50   100.19531     -2.10
 100.39062    29.70  100.39062   -24.30  100.39062     -2.50   100.39062     -2.40
 100.58594    22.60  100.58594   -31.40  100.58594     -3.10   100.58594     -2.70
 100.78125    21.60  100.78125   -33.40  100.78125     -2.40   100.78125     -2.00
 100.97656    22.80  100.97656   -33.30  100.97656     -2.60   100.97656     -2.70
 101.17188    23.10  101.17188   -32.50  101.17188     -3.00   101.17188     -1.80
 101.36719    23.20  101.36719   -30.80  101.36719     -2.80   101.36719     -2.90
 101.56250    22.80  101.56250   -30.90  101.56250     -2.40   101.56250     -2.80
 101.75781    22.20  101.75781   -30.30  101.75781     -2.70   101.75781     -2.20
 101.95312    21.20  101.95312   -30.10  101.95312     -3.50   101.95312     -3.30
 102.14844    22.00  102.14844   -32.80  102.14844     -3.10   102.14844     -2.90
 102.34375    21.80  102.34375   -32.10  102.34375     -2.60   102.34375     -3.50
 102.53906    21.80  102.53906   -34.00  102.53906     -2.80   102.53906     -2.50
 102.73438    22.60  102.73438   -33.90  102.73438     -2.30   102.73438     -2.40
 102.92969    22.10  102.92969   -35.20  102.92969     -2.40   102.92969     -2.20
 103.12500    21.10  103.12500   -35.30  103.12500     -3.00   103.12500     -2.20
 103.32031    20.00  103.32031   -35.40  103.32031     -2.70   103.32031     -1.90
 103.51562    19.50  103.51562   -36.10  103.51562     -3.00   103.51562     -2.00
 103.71094    17.50  103.71094   -37.30  103.71094     -2.00   103.71094     -1.80
 103.90625    17.10  103.90625   -37.30  103.90625     -2.00   103.90625     -2.70
 104.10156    14.50  104.10156   -36.20  104.10156     -2.80   104.10156     -2.80
 104.29688    12.60  104.29688   -37.10  104.29688     -2.40   104.29688     -2.80
 104.49219    10.70  104.49219   -36.20  104.49219     -2.10   104.49219     -2.70
 104.68750    10.00  104.68750   -36.50  104.68750     -2.80   104.68750     -2.70
 104.88281    11.70  104.88281   -37.30  104.88281     -2.20   104.88281     -2.90
 105.07812    14.30  105.07812   -38.20  105.07812     -1.80   105.07812     -2.50
 105.27344    20.30  105.27344   -38.40  105.27344     -2.70   105.27344     -2.20
 105.46875    25.20  105.46875   -39.00  105.46875     -3.60   105.46875     -2.00
 105.66406    34.30  105.66406   -39.10  105.66406     -3.50   105.66406     -1.80
 105.85938    36.30  105.85938   -38.80  105.85938     -3.30   105.85938     -2.70
 106.05469    39.80  106.05469   -39.80  106.05469     -2.90   106.05469     -2.00
 106.25000    39.90  106.25000   -39.50  106.25000     -3.50   106.25000     -1.90
 106.44531    38.00  106.44531   -40.70  106.44531     -3.00   106.44531     -2.80
 106.64062    37.10  106.64062   -41.90  106.64062     -2.30   106.64062     -1.20
 106.83594    33.50  106.83594   -41.40  106.83594     -1.70   106.83594     -2.30
 107.03125    31.80  107.03125   -41.40  107.03125     -2.50   107.03125     -2.50
 107.22656    29.00  107.22656   -41.20  107.22656     -2.30   107.22656     -2.90
 107.42188    27.90  107.42188   -41.10  107.42188     -3.20   107.42188     -2.80
 107.61719    27.20  107.61719   -40.30  107.61719     -1.90   107.61719     -2.00
 107.81250    25.90  107.81250   -41.10  107.81250     -2.20   107.81250     -2.50
 108.00781    24.60  108.00781   -41.90  108.00781     -2.70   108.00781     -3.00
 108.20312    24.50  108.20312   -41.80  108.20312     -3.00   108.20312     -2.80
 108.39844    22.30  108.39844   -43.10  108.39844     -3.00   108.39844     -2.20
 108.59375    21.20  108.59375   -43.10  108.59375     -2.30   108.59375     -2.90
 108.78906    19.00  108.78906   -43.50  108.78906     -2.30   108.78906     -3.50
 108.98438    19.10  108.98438   -43.80  108.98438     -2.20   108.98438     -2.10
 109.17969    18.30  109.17969   -43.30  109.17969     -2.10   109.17969     -2.90
 109.37500    19.30  109.37500   -43.70  109.37500     -2.40   109.37500     -1.70
 109.57031    22.00  109.57031   -43.00  109.57031     -1.70   109.57031     -1.10
 109.76562    23.00  109.76562   -40.30  109.76562     -1.80   109.76562     -2.60
 109.96094    26.80  109.96094   -27.90  109.96094     -3.00   109.96094     -2.90
 110.15625    31.00  110.15625   -14.30  110.15625     -3.00   110.15625     -2.60
 110.35156    34.00  110.35156    15.00  110.35156     -3.30   110.35156     -3.40
 110.54688    33.50  110.54688    26.90  110.54688     -2.70   110.54688     -3.00
 110.74219    26.40  110.74219    49.40  110.74219     -2.50   110.74219     -2.40
 110.93750    14.90  110.93750    59.50  110.93750     -2.50   110.93750     -2.00
 111.13281     0.10  111.13281    68.20  111.13281     -3.40   111.13281     -2.80
 111.32812    -5.90  111.32812    70.00  111.32812     -3.10   111.32812     -2.30
 111.52344   -18.00  111.52344    62.30  111.52344     -2.60   111.52344     -1.40
 111.71875   -23.50  111.71875    53.10  111.71875     -2.50   111.71875     -1.90
 111.91406   -33.10  111.91406    36.10  111.91406     -1.60   111.91406     -2.40
 112.10938   -36.70  112.10938    28.70  112.10938     -2.40   112.10938     -1.70
 112.30469   -36.70  112.30469    23.20  112.30469     -2.60   112.30469     -2.20
 112.50000   -33.30  112.50000    22.90  112.50000     -2.80   112.50000     -2.90
 112.69531   -21.50  112.69531    22.60  112.69531     -2.90   112.69531     -2.20
 112.89062   -16.90  112.89062    22.80  112.89062     -3.30   112.89062     -1.70
 113.08594   -13.10  113.08594    22.00  113.08594     -3.40   113.08594     -2.40
 113.28125   -14.60  113.28125    21.50  113.28125     -3.40   113.28125     -3.40
 113.47656   -21.00  113.47656    20.50  113.47656     -2.60   113.47656     -3.10
 113.67188   -23.60  113.67188    20.10  113.67188     -3.00   113.67188     -1.50
 113.86719   -29.70  113.86719    20.50  113.86719     -3.00   113.86719     -2.40
 114.06250   -30.50  114.06250    20.50  114.06250     -2.60   114.06250     -2.90
 114.25781   -31.70  114.25781    21.40  114.25781     -2.80   114.25781     -3.30
 114.45312   -33.40  114.45312    20.80  114.45312     -1.70   114.45312     -1.80
 114.64844   -33.20  114.64844    20.80  114.64844     -2.60   114.64844     -2.80
 114.84375   -34.00  114.84375    19.70  114.84375     -2.80   114.84375      0.30
 115.03906   -34.40  115.03906    17.80  115.03906     -2.50   115.03906     -2.50
 115.23438   -35.20  115.23438    17.30  115.23438     -2.30   115.23438     -2.00
 115.42969   -35.80  115.42969    15.20  115.42969     -2.40   115.42969     -2.60
 115.62500   -36.30  115.62500    14.00  115.62500     -2.40   115.62500     -2.60
 115.82031   -36.70  115.82031    11.90  115.82031     -2.70   115.82031     -2.80
 116.01562   -36.70  116.01562    11.40  116.01562     -3.00   116.01562     -2.60
 116.21094   -36.20  116.21094    10.40  116.21094     -2.90   116.21094     -1.80
 116.40625   -36.70  116.40625    11.60  116.40625     -2.70   116.40625     -1.60
 116.60156   -37.20  116.60156    14.70  116.60156     -2.70   116.60156     -2.00
 116.79688   -37.40  116.79688    16.40  116.79688     -2.50   116.79688     -2.50
 116.99219   -38.30  116.99219    23.80  116.99219     -2.60   116.99219     -2.30
 117.18750   -38.10  117.18750    29.20  117.18750     -2.30   117.18750     -2.40
 117.38281   -38.10  117.38281    35.60  117.38281     -2.70   117.38281     -2.00
 117.57812   -38.00  117.57812    36.80  117.57812     -2.50   117.57812     -1.60
 117.77344   -37.70  117.77344    36.70  117.77344     -2.70   117.77344     -2.80
 117.96875   -37.70  117.96875    36.60  117.96875     -2.50   117.96875     -2.50
 118.16406   -38.80  118.16406    34.10  118.16406     -2.60   118.16406     -0.70
 118.35938   -39.80  118.35938    33.80  118.35938     -2.70   118.35938     -2.10
 118.55469   -41.30  118.55469    30.70  118.55469     -2.50   118.55469     -1.70
 118.75000   -41.80  118.75000    28.80  118.75000     -3.20   118.75000     -3.20
 118.94531   -41.20  118.94531    26.50  118.94531     -2.40   118.94531     -2.60
 119.14062   -40.70  119.14062    25.60  119.14062     -2.40   119.14062     -2.60
 119.33594   -40.90  119.33594    25.00  119.33594     -1.90   119.33594     -2.50
 119.53125   -41.10  119.53125    23.90  119.53125     -3.00   119.53125     -1.20
 119.72656   -42.60  119.72656    22.00  119.72656     -2.50   119.72656     -3.50
 119.92188   -42.80  119.92188    21.50  119.92188     -2.20   119.92188     -3.40
 120.11719   -43.80  120.11719    20.00  120.11719     -2.40   120.11719     -2.90
 120.31250   -44.00  120.31250    18.90  120.31250     -2.50   120.31250     -2.90
 120.50781   -43.60  120.50781    19.10  120.50781     -2.60   120.50781     -1.40
 120.70312   -42.70  120.70312    19.10  120.70312     -2.90   120.70312     -2.20
 120.89844   -42.60  120.89844    21.40  120.89844     -2.60   120.89844     -2.20
 121.09375   -43.00  121.09375    22.90  121.09375     -3.10   121.09375     -2.50
 121.28906   -43.80  121.28906    27.00  121.28906     -2.80   121.28906     -2.50
 121.48438   -44.40  121.48438    28.60  121.48438     -2.50   121.48438     -2.50
 121.67969   -44.80  121.67969    31.90  121.67969     -2.80   121.67969     -3.00
 121.87500   -45.00  121.87500    33.80  121.87500     -2.70   121.87500     -3.40
 122.07031   -45.30  122.07031    35.80  122.07031     -3.10   122.07031     -2.80
 122.26562   -45.50  122.26562    34.70  122.26562     -2.90   122.26562     -3.80
 122.46094   -45.40  122.46094    25.70  122.46094     -3.30   122.46094     -3.10
 122.65625   -45.10  122.65625    16.60  122.65625     -3.60   122.65625     -4.00
 122.85156   -40.80  122.85156    -2.00  122.85156     -2.40   122.85156     -3.30
 123.04688   -36.10  123.04688    -7.40  123.04688     -2.70   123.04688     -3.00
 123.24219   -16.30  123.24219   -14.00  123.24219     -2.90   123.24219     -2.40
 123.43750     0.30  123.43750   -17.80  123.43750     -2.60   123.43750     -2.20
 123.63281    29.20  123.63281   -26.90  123.63281     -2.70   123.63281     -2.00
 123.82812    39.60  123.82812   -31.10  123.82812     -1.70   123.82812     -2.60
 124.02344    62.30  124.02344   -34.10  124.02344     -2.30   124.02344     -2.00
 124.21875    72.10  124.21875   -32.10  124.21875     -1.80   124.21875     -2.40
 124.41406    74.20  124.41406   -19.60  124.41406     -2.10   124.41406     -3.00
 124.60938    70.10  124.60938   -15.20  124.60938     -2.10   124.60938     -2.20
 124.80469    53.80  124.80469   -12.40  124.80469     -2.30   124.80469     -1.60
 125.00000    42.30  125.00000   -14.30  125.00000     -2.80   125.00000     -2.30
 125.19531    27.80  125.19531   -23.00  125.19531     -2.70   125.19531     -2.30
 125.39062    23.50  125.39062   -27.20  125.39062     -2.80   125.39062     -1.40
 125.58594    21.90  125.58594   -31.20  125.58594     -3.10   125.58594     -2.10
 125.78125    22.30  125.78125   -31.60  125.78125     -3.20   125.78125     -2.70
 125.97656    23.10  125.97656   -33.00  125.97656     -3.30   125.97656     -2.70
 126.17188    22.80  126.17188   -31.90  126.17188     -3.00   126.17188     -3.50
 126.36719    23.80  126.36719   -31.50  126.36719     -2.90   126.36719     -3.40
 126.56250    22.40  126.56250   -31.00  126.56250     -2.70   126.56250     -2.50
 126.75781    21.70  126.75781   -31.60  126.75781     -2.70   126.75781     -2.90
 126.95312    21.60  126.95312   -31.30  126.95312     -2.90   126.95312     -2.80
 127.14844    22.30  127.14844   -33.80  127.14844     -2.80   127.14844     -2.60
 127.34375    22.30  127.34375   -34.10  127.34375     -3.10   127.34375     -2.60
 127.53906    22.00  127.53906   -34.50  127.53906     -2.80   127.53906     -2.70
 127.73438    21.60  127.73438   -34.30  127.73438     -2.90   127.73438     -2.70
 127.92969    21.00  127.92969   -34.20  127.92969     -2.40   127.92969     -3.10
 128.12500    20.80  128.12500   -35.10  128.12500     -2.80   128.12500     -3.40
 128.32031    19.80  128.32031   -36.10  128.32031     -3.10   128.32031     -1.60
 128.51562    18.80  128.51562   -36.50  128.51562     -2.90   128.51562     -2.70
 128.71094    18.20  128.71094   -37.60  128.71094     -3.80   128.71094     -2.60
 128.90625    15.60  128.90625   -37.20  128.90625     -2.90   128.90625     -2.10
 129.10156    13.40  129.10156   -35.90  129.10156     -3.10   129.10156     -2.40
 129.29688    12.10  129.29688   -35.20  129.29688     -3.10   129.29688     -2.10
 129.49219    10.00  129.49219   -35.50  129.49219     -2.50   129.49219     -2.50
 129.68750    10.90  129.68750   -36.50  129.68750     -2.90   129.68750     -2.40
 129.88281    14.10  129.88281   -38.00  129.88281     -2.80   129.88281     -2.70
 130.07812    16.70  130.07812   -38.10  130.07812     -2.80   130.07812     -2.70
 130.27344    24.70  130.27344   -39.10  130.27344     -2.30   130.27344     -2.20
 130.46875    28.90  130.46875   -39.50  130.46875     -2.90   130.46875     -2.50
 130.66406    36.40  130.66406   -39.50  130.66406     -2.50   130.66406     -1.80
 130.85938    38.00  130.85938   -39.20  130.85938     -2.50   130.85938     -2.30
 131.05469    39.70  131.05469   -40.70  131.05469     -2.40   131.05469     -1.60
 131.25000    39.30  131.25000   -41.20  131.25000     -2.30   131.25000     -2.20
 131.44531    35.80  131.44531   -41.50  131.44531     -2.60   131.44531     -3.20
 131.64062    34.30  131.64062   -41.70  131.64062     -3.00   131.64062     -3.50
 131.83594    32.40  131.83594   -41.40  131.83594     -2.70   131.83594     -2.60
 132.03125    30.20  132.03125   -41.10  132.03125     -3.50   132.03125     -2.90
 132.22656    27.00  132.22656   -40.90  132.22656     -2.70   132.22656     -3.10
 132.42188    25.60  132.42188   -41.30  132.42188     -3.40   132.42188     -2.70
 132.61719    24.30  132.61719   -41.50  132.61719     -2.90   132.61719     -2.80
 132.81250    24.30  132.81250   -42.10  132.81250     -3.10   132.81250     -3.30
 133.00781    22.90  133.00781   -42.40  133.00781     -1.30   133.00781     -2.00
 133.20312    22.00  133.20312   -42.70  133.20312     -2.40   133.20312     -2.90
 133.39844    20.10  133.39844   -42.50  133.39844     -3.00   133.39844     -3.00
 133.59375    19.50  133.59375   -42.80  133.59375     -2.80   133.59375     -2.20
 133.78906    18.80  133.78906   -42.90  133.78906     -3.20   133.78906     -2.20
 133.98438    18.60  133.98438   -42.00  133.98438     -3.10   133.98438     -2.50
 134.17969    20.10  134.17969   -43.20  134.17969     -2.40   134.17969     -2.20
 134.37500    21.10  134.37500   -42.60  134.37500     -3.20   134.37500     -2.90
 134.57031    24.80  134.57031   -39.60  134.57031     -2.40   134.57031     -3.00
 134.76562    27.20  134.76562   -33.80  134.76562     -2.90   134.76562     -2.80
 134.96094    30.70  134.96094   -14.10  134.96094     -2.30   134.96094     -2.50
 135.15625    33.70  135.15625     1.40  135.15625     -3.20   135.15625     -2.80
 135.35156    33.70  135.35156    33.30  135.35156     -2.60   135.35156     -3.20
 135.54688    30.10  135.54688    42.70  135.54688     -2.30   135.54688     -2.60
 135.74219    15.70  135.74219    61.30  135.74219     -2.70   135.74219     -3.40
 135.93750     5.90  135.93750    66.80  135.93750     -3.00   135.93750     -2.50
 136.13281    -8.70  136.13281    69.60  136.13281     -3.40   136.13281     -2.40
 136.32812   -13.60  136.32812    67.00  136.32812     -2.90   136.32812     -2.90
 136.52344   -23.50  136.52344    51.30  136.52344     -2.50   136.52344     -2.10
 136.71875   -30.20  136.71875    41.70  136.71875     -2.10   136.71875     -1.60
 136.91406   -37.10  136.91406    26.70  136.91406     -2.60   136.91406     -2.60
 137.10938   -37.50  137.10938    23.90  137.10938     -3.00   137.10938     -2.80
 137.30469   -32.00  137.30469    22.30  137.30469     -2.50   137.30469     -3.00
 137.50000   -25.80  137.50000    22.00  137.50000     -2.60   137.50000     -2.60
 137.69531   -15.40  137.69531    21.80  137.69531     -2.30   137.69531     -2.80
 137.89062   -13.80  137.89062    21.50  137.89062     -2.30   137.89062     -2.90
 138.08594   -14.30  138.08594    20.50  138.08594     -2.60   138.08594     -3.20
 138.28125   -18.20  138.28125    19.90  138.28125     -2.70   138.28125     -2.30
 138.47656   -25.20  138.47656    20.10  138.47656     -2.90   138.47656     -3.00
 138.67188   -28.20  138.67188    19.90  138.67188     -3.70   138.67188     -2.40
 138.86719   -31.30  138.86719    21.10  138.86719     -2.30   138.86719     -2.70
 139.06250   -32.30  139.06250    20.80  139.06250     -2.00   139.06250     -2.30
 139.25781   -33.00  139.25781    20.40  139.25781     -2.80   139.25781     -2.90
 139.45312   -32.60  139.45312    20.70  139.45312     -2.80   139.45312     -2.40
 139.64844   -33.30  139.64844    19.90  139.64844     -3.20   139.64844     -2.70
 139.84375   -33.30  139.84375    18.40  139.84375     -2.30   139.84375     -2.40
 140.03906   -34.30  140.03906    16.90  140.03906     -2.50   140.03906     -2.20
 140.23438   -35.00  140.23438    16.10  140.23438     -2.30   140.23438     -2.20
 140.42969   -36.90  140.42969    14.50  140.42969     -2.90   140.42969     -2.40
 140.62500   -36.90  140.62500    14.00  140.62500     -2.50   140.62500     -1.80
 140.82031   -36.50  140.82031    11.40  140.82031     -3.00   140.82031     -2.40
 141.01562   -36.50  141.01562    10.60  141.01562     -3.30   141.01562     -1.40
 141.21094   -36.30  141.21094    10.90  141.21094     -2.90   141.21094     -3.50
 141.40625   -36.90  141.40625    12.10  141.40625     -2.10   141.40625     -2.10
 141.60156   -37.40  141.60156    18.60  141.60156     -2.80   141.60156     -3.00
 141.79688   -37.90  141.79688    22.50  141.79688     -2.70   141.79688     -2.90
 141.99219   -38.40  141.99219    29.40  141.99219     -2.50   141.99219     -2.50
 142.18750   -38.70  142.18750    31.90  142.18750     -2.90   142.18750     -2.20
 142.38281   -37.80  142.38281    36.10  142.38281     -2.90   142.38281     -3.00
 142.57812   -37.80  142.57812    35.90  142.57812     -2.60   142.57812     -2.20
 142.77344   -38.20  142.77344    36.40  142.77344     -2.30   142.77344     -3.00
 142.96875   -38.20  142.96875    36.00  142.96875     -2.20   142.96875     -3.50
 143.16406   -39.70  143.16406    33.00  143.16406     -2.50   143.16406     -3.20
 143.35938   -40.40  143.35938    32.50  143.35938     -3.20   143.35938     -2.40
 143.55469   -41.90  143.55469    29.40  143.55469     -2.80   143.55469     -2.30
 143.75000   -42.10  143.75000    27.60  143.75000     -2.70   143.75000     -2.30
 143.94531   -41.40  143.94531    25.90  143.94531     -2.30   143.94531     -3.20
 144.14062   -41.10  144.14062    24.70  144.14062     -2.60   144.14062     -2.60
 144.33594   -41.30  144.33594    23.10  144.33594     -2.20   144.33594     -3.30
 144.53125   -42.20  144.53125    21.90  144.53125     -2.30   144.53125     -3.90
 144.72656   -42.50  144.72656    20.20  144.72656     -2.60   144.72656     -2.50
 144.92188   -43.10  144.92188    19.90  144.92188     -2.60   144.92188     -2.70
 145.11719   -43.20  145.11719    19.20  145.11719     -2.20   145.11719     -2.00
 145.31250   -43.00  145.31250    18.90  145.31250     -1.80   145.31250     -1.90
 145.50781   -42.60  145.50781    21.20  145.50781     -2.30   145.50781     -1.50
 145.70312   -42.40  145.70312    21.20  145.70312     -2.80   145.70312     -1.90
 145.89844   -43.60  145.89844    24.10  145.89844     -2.80   145.89844     -1.90
 146.09375   -43.70  146.09375    26.30  146.09375     -2.70   146.09375     -1.90
 146.28906   -44.60  146.28906    29.00  146.28906     -2.20   146.28906     -2.80
 146.48438   -44.70  146.48438    30.90  146.48438     -2.20   146.48438     -3.10
 146.67969   -44.70  146.67969    34.60  146.67969     -2.80   146.67969     -3.10
 146.87500   -43.90  146.87500    35.40  146.87500     -2.60   146.87500     -3.50
 147.07031   -44.80  147.07031    33.30  147.07031     -3.00   147.07031     -2.60
 147.26562   -44.30  147.26562    30.90  147.26562     -3.70   147.26562     -3.00
 147.46094   -44.60  147.46094    14.00  147.46094     -3.00   147.46094     -2.20
 147.65625   -42.70  147.65625     3.20  147.65625     -3.20   147.65625     -1.90
 147.85156   -34.50  147.85156    -9.20  147.85156     -2.20   147.85156     -3.10
 148.04688   -25.60  148.04688   -12.20  148.04688     -1.90   148.04688     -2.60
 148.24219     0.90  148.24219   -20.50  148.24219     -2.50   148.24219     -2.80
 148.43750    17.30  148.43750   -24.50  148.43750     -1.70   148.43750     -1.00
 148.63281    45.00  148.63281   -32.60  148.63281     -2.90   148.63281     -3.50
 148.82812    54.10  148.82812   -33.60  148.82812     -2.80   148.82812     -3.20
 149.02344    70.70  149.02344   -30.30  149.02344     -2.90   149.02344     -3.10
 149.21875    74.20  149.21875   -25.70  149.21875     -2.50   149.21875     -2.80
 149.41406    69.30  149.41406   -14.50  149.41406     -3.20   149.41406     -2.40
 149.60938    60.60  149.60938   -12.30  149.60938     -2.90   149.60938     -2.10
 149.80469    42.10  149.80469   -15.80  149.80469     -3.20   149.80469     -2.10
 150.00000    33.80  150.00000   -19.40  150.00000     -3.50   150.00000     -2.30
 150.19531    24.20  150.19531   -27.70  150.19531     -2.40   150.19531     -2.70
 150.39062    21.90  150.39062   -31.50  150.39062     -2.20   150.39062     -2.90
 150.58594    22.10  150.58594   -31.90  150.58594     -2.10   150.58594     -2.20
 150.78125    23.60  150.78125   -31.90  150.78125     -3.10   150.78125     -3.20
 150.97656    23.40  150.97656   -32.10  150.97656     -3.00   150.97656     -2.80
 151.17188    23.70  151.17188   -31.70  151.17188     -2.80   151.17188     -2.80
 151.36719    22.10  151.36719   -31.30  151.36719     -3.30   151.36719     -2.70
 151.56250    22.20  151.56250   -30.90  151.56250     -2.80   151.56250     -3.00
 151.75781    22.10  151.75781   -31.10  151.75781     -2.70   151.75781     -2.30
 151.95312    21.50  151.95312   -32.30  151.95312     -2.50   151.95312     -2.40
 152.14844    21.60  152.14844   -34.50  152.14844     -3.10   152.14844     -3.10
 152.34375    21.80  152.34375   -34.10  152.34375     -3.20   152.34375     -2.80
 152.53906    21.90  152.53906   -34.00  152.53906     -2.20   152.53906     -3.80
 152.73438    21.50  152.73438   -33.30  152.73438     -2.50   152.73438     -2.60
 152.92969    19.70  152.92969   -34.70  152.92969     -3.10   152.92969     -2.60
 153.12500    19.60  153.12500   -35.80  153.12500     -2.80   153.12500     -3.00
 153.32031    18.30  153.32031   -36.30  153.32031     -2.30   153.32031     -2.50
 153.51562    17.80  153.51562   -36.30  153.51562     -3.20   153.51562     -2.60
 153.71094    16.40  153.71094   -37.40  153.71094     -2.90   153.71094     -2.90
 153.90625    14.80  153.90625   -36.40  153.90625     -2.80   153.90625     -2.20
 154.10156    12.40  154.10156   -35.80  154.10156     -3.20   154.10156     -2.80
 154.29688    11.00  154.29688   -35.80  154.29688     -2.60   154.29688     -2.20
 154.49219    10.80  154.49219   -36.30  154.49219     -2.40   154.49219     -2.50
 154.68750    11.40  154.68750   -37.10  154.68750     -2.40   154.68750     -3.10
 154.88281    15.90  154.88281   -38.40  154.88281     -3.70   154.88281     -2.70
 155.07812    20.20  155.07812   -39.40  155.07812     -3.50   155.07812     -2.40
 155.27344    28.10  155.27344   -39.70  155.27344     -3.50   155.27344     -3.10
 155.46875    31.70  155.46875   -39.70  155.46875     -3.40   155.46875     -2.30
 155.66406    37.40  155.66406   -40.10  155.66406     -3.40   155.66406     -2.30
 155.85938    38.20  155.85938   -41.20  155.85938     -3.60   155.85938     -3.60
 156.05469    38.30  156.05469   -41.10  156.05469     -3.20   156.05469     -2.70
 156.25000    37.60  156.25000   -40.50  156.25000     -2.50   156.25000     -2.40
 156.44531    35.70  156.44531   -41.00  156.44531     -2.80   156.44531     -2.60
 156.64062    33.80  156.64062   -40.50  156.64062     -2.40   156.64062     -2.50
 156.83594    31.20  156.83594   -41.20  156.83594     -2.70   156.83594     -1.60
 157.03125    30.40  157.03125   -40.50  157.03125     -2.70   157.03125     -2.10
 157.22656    28.70  157.22656   -40.70  157.22656     -2.30   157.22656     -2.10
 157.42188    27.00  157.42188   -41.90  157.42188     -2.20   157.42188     -1.90
 157.61719    25.10  157.61719   -41.70  157.61719     -2.40   157.61719     -1.50
 157.81250    23.80  157.81250   -42.30  157.81250     -2.50   157.81250     -2.90
 158.00781    23.20  158.00781   -41.60  158.00781     -3.00   158.00781     -3.00
 158.20312    21.50  158.20312   -42.70  158.20312     -2.60   158.20312     -3.10
 158.39844    21.10  158.39844   -41.80  158.39844     -2.60   158.39844     -2.60
 158.59375    19.40  158.59375   -43.10  158.59375     -2.80   158.59375     -1.80
 158.78906    19.00  158.78906   -42.70  158.78906     -3.80   158.78906     -2.70
 158.98438    19.30  158.98438   -42.50  158.98438     -3.10   158.98438     -3.00
 159.17969    20.90  159.17969   -42.90  159.17969     -3.10   159.17969     -1.90
 159.37500    22.10  159.37500   -43.20  159.37500     -3.00   159.37500     -2.40
 159.57031    25.20  159.57031   -39.10  159.57031     -3.30   159.57031     -3.10
 159.76562    27.60  159.76562   -32.50  159.76562     -2.70   159.76562     -2.70
 159.96094    32.70  159.96094    -5.60  159.96094     -3.10   159.96094     -2.30
 160.15625    34.00  160.15625     8.20  160.15625     -3.10   160.15625     -2.60
 160.35156    33.30  160.35156    34.10  160.35156     -2.30   160.35156     -2.20
 160.54688    28.00  160.54688    45.40  160.54688     -2.20   160.54688     -2.70
 160.74219    11.50  160.74219    63.30  160.74219     -2.50   160.74219     -3.40
 160.93750     2.50  160.93750    66.70  160.93750     -3.30   160.93750     -3.80
 161.13281    -8.50  161.13281    68.30  161.13281     -2.60   161.13281     -3.20
 161.32812   -14.40  161.32812    64.30  161.32812     -2.50   161.32812     -2.50
 161.52344   -24.40  161.52344    49.10  161.52344     -2.30   161.52344     -1.70
 161.71875   -31.10  161.71875    38.20  161.71875     -2.70   161.71875     -2.20
 161.91406   -36.90  161.91406    26.30  161.91406     -3.40   161.91406     -1.60
 162.10938   -37.90  162.10938    23.80  162.10938     -2.80   162.10938     -1.40
 162.30469   -30.50  162.30469    22.90  162.30469     -2.40   162.30469     -2.30
 162.50000   -24.40  162.50000    22.30  162.50000     -2.10   162.50000     -2.60
 162.69531   -14.80  162.69531    22.10  162.69531     -2.80   162.69531     -3.30
 162.89062   -12.80  162.89062    20.70  162.89062     -3.00   162.89062     -2.80
 163.08594   -15.10  163.08594    20.60  163.08594     -2.40   163.08594     -3.00
 163.28125   -20.10  163.28125    20.30  163.28125     -2.50   163.28125     -2.80
 163.47656   -26.80  163.47656    21.30  163.47656     -2.40   163.47656     -3.10
 163.67188   -30.10  163.67188    20.60  163.67188     -2.30   163.67188     -2.90
 163.86719   -31.70  163.86719    21.00  163.86719     -2.50   163.86719     -3.20
 164.06250   -32.80  164.06250    21.00  164.06250     -3.00   164.06250     -2.40
 164.25781   -32.40  164.25781    21.20  164.25781     -2.80   164.25781     -2.70
 164.45312   -32.90  164.45312    20.20  164.45312     -2.00   164.45312     -2.90
 164.64844   -33.50  164.64844    18.50  164.64844     -2.50   164.64844     -2.70
 164.84375   -33.60  164.84375    17.90  164.84375     -2.90   164.84375     -3.30
 165.03906   -34.80  165.03906    16.10  165.03906     -2.50   165.03906     -1.20
 165.23438   -35.90  165.23438    15.20  165.23438     -2.80   165.23438     -0.60
 165.42969   -37.00  165.42969    14.10  165.42969     -2.50   165.42969     -2.40
 165.62500   -37.30  165.62500    12.90  165.62500     -3.00   165.62500     -2.80
 165.82031   -37.10  165.82031    10.10  165.82031     -2.90   165.82031     -3.00
 166.01562   -36.30  166.01562    10.40  166.01562     -2.50   166.01562     -3.50
 166.21094   -36.10  166.21094    11.10  166.21094     -2.00   166.21094     -3.20
 166.40625   -37.00  166.40625    14.30  166.40625     -3.00   166.40625     -3.60
 166.60156   -38.20  166.60156    20.70  166.60156     -2.10   166.60156     -3.30
 166.79688   -37.80  166.79688    25.00  166.79688     -2.60   166.79688     -2.70
 166.99219   -38.20  166.99219    31.40  166.99219     -1.80   166.99219     -2.10
 167.18750   -37.60  167.18750    34.50  167.18750     -3.00   167.18750     -2.60
 167.38281   -37.90  167.38281    36.40  167.38281     -2.40   167.38281     -2.30
 167.57812   -37.40  167.57812    37.10  167.57812     -1.90   167.57812     -2.20
 167.77344   -38.20  167.77344    35.50  167.77344     -2.30   167.77344     -2.10
 167.96875   -39.50  167.96875    34.00  167.96875     -2.80   167.96875     -2.40
 168.16406   -40.10  168.16406    31.50  168.16406     -3.20   168.16406     -2.50
 168.35938   -40.10  168.35938    30.60  168.35938     -2.90   168.35938     -2.00
 168.55469   -40.90  168.55469    28.00  168.55469     -2.90   168.55469     -2.10
 168.75000   -41.00  168.75000    26.90  168.75000     -2.60   168.75000     -1.70
 168.94531   -40.50  168.94531    25.60  168.94531     -2.10   168.94531     -2.40
 169.14062   -41.40  169.14062    24.60  169.14062     -3.10   169.14062     -2.70
 169.33594   -41.60  169.33594    22.50  169.33594     -2.60   169.33594     -3.00
 169.53125   -42.80  169.53125    21.00  169.53125     -2.60   169.53125     -2.70
 169.72656   -43.00  169.72656    20.10  169.72656     -2.30   169.72656     -2.50
 169.92188   -43.60  169.92188    19.30  169.92188     -2.50   169.92188     -2.50
 170.11719   -43.30  170.11719    18.40  170.11719     -3.00   170.11719     -3.10
 170.31250   -42.60  170.31250    18.90  170.31250     -2.30   170.31250     -3.10
 170.50781   -42.10  170.50781    20.10  170.50781     -3.20   170.50781     -2.80
 170.70312   -42.40  170.70312    21.90  170.70312     -3.00   170.70312     -2.20
 170.89844   -43.70  170.89844    24.80  170.89844     -2.20   170.89844     -2.40
 171.09375   -43.50  171.09375    27.30  171.09375     -3.20   171.09375     -1.90
 171.28906   -44.50  171.28906    31.10  171.28906     -2.50   171.28906     -2.00
 171.48438   -44.70  171.48438    33.20  171.48438     -2.40   171.48438     -2.60
 171.67969   -44.70  171.67969    36.30  171.67969     -2.80   171.67969     -2.40
 171.87500   -43.90  171.87500    36.20  171.87500     -2.40   171.87500     -2.90
 172.07031   -43.50  172.07031    30.60  172.07031     -3.10   172.07031     -2.80
 172.26562   -44.60  172.26562    20.90  172.26562     -2.90   172.26562     -2.10
 172.46094   -43.10  172.46094     5.20  172.46094     -2.90   172.46094     -3.50
 172.65625   -39.90  172.65625    -3.40  172.65625     -2.30   172.65625     -3.40
 172.85156   -25.80  172.85156   -12.30  172.85156     -1.50   172.85156     -2.70
 173.04688   -10.50  173.04688   -16.00  173.04688     -2.70   173.04688     -2.50
 173.24219    17.10  173.24219   -23.60  173.24219     -2.20   173.24219     -2.40
 173.43750    32.90  173.43750   -28.10  173.43750     -2.30   173.43750     -3.10
 173.63281    55.90  173.63281   -34.80  173.63281     -2.20   173.63281     -2.20
 173.82812    68.20  173.82812   -34.00  173.82812     -2.20   173.82812     -1.80
 174.02344    73.70  174.02344   -26.60  174.02344     -3.10   174.02344     -2.50
 174.21875    73.30  174.21875   -20.90  174.21875     -2.30   174.21875     -2.40
 174.41406    64.30  174.41406   -13.10  174.41406     -3.00   174.41406     -2.00
 174.60938    49.50  174.60938   -13.50  174.60938     -3.00   174.60938     -3.10
 174.80469    35.00  174.80469   -19.30  174.80469     -2.10   174.80469     -3.20
 175.00000    27.50  175.00000   -24.10  175.00000     -3.00   175.00000     -3.30
 175.19531    23.20  175.19531   -29.90  175.19531     -2.10   175.19531     -3.30
 175.39062    22.50  175.39062   -32.80  175.39062     -2.70   175.39062     -2.90
 175.58594    23.10  175.58594   -32.60  175.58594     -2.10   175.58594     -2.30
 175.78125    23.30  175.78125   -31.90  175.78125     -2.00   175.78125     -3.00
 175.97656    23.60  175.97656   -31.20  175.97656     -2.50   175.97656     -2.30
 176.17188    23.20  176.17188   -30.30  176.17188     -2.60   176.17188     -2.10
 176.36719    21.90  176.36719   -31.40  176.36719     -3.40   176.36719     -1.00
 176.56250    21.40  176.56250   -32.00  176.56250     -2.80   176.56250     -2.70
 176.75781    21.70  176.75781   -33.30  176.75781     -3.20   176.75781     -2.50
 176.95312    22.30  176.95312   -33.50  176.95312     -3.30   176.95312     -2.50
 177.14844    21.90  177.14844   -34.50  177.14844     -3.00   177.14844     -2.20
 177.34375    21.20  177.34375   -33.80  177.34375     -2.30   177.34375     -2.50
 177.53906    20.90  177.53906   -33.50  177.53906     -2.20   177.53906     -3.10
 177.73438    20.80  177.73438   -33.50  177.73438     -2.20   177.73438     -3.10
 177.92969    20.40  177.92969   -34.50  177.92969     -2.90   177.92969     -3.20
 178.12500    18.80  178.12500   -35.50  178.12500     -2.30   178.12500     -2.80
 178.32031    18.10  178.32031   -36.80  178.32031     -2.60   178.32031     -3.00
 178.51562    17.00  178.51562   -37.40  178.51562     -2.40   178.51562     -2.90
 178.71094    14.80  178.71094   -36.80  178.71094     -3.10   178.71094     -2.50
 178.90625    12.50  178.90625   -36.30  178.90625     -3.60   178.90625     -2.50
 179.10156    11.00  179.10156   -36.10  179.10156     -2.90   179.10156     -2.30
 179.29688    10.90  179.29688   -36.40  179.29688     -3.30   179.29688     -1.60
 179.49219    10.90  179.49219   -38.00  179.49219     -2.30   179.49219     -1.80
 179.68750    14.20  179.68750   -39.00  179.68750     -2.30   179.68750     -3.10
 179.88281    21.10  179.88281   -38.80  179.88281     -2.50   179.88281     -2.40
 180.07812    25.60  180.07812   -39.30  180.07812     -3.30   180.07812     -2.80
 180.27344    34.00  180.27344   -39.30  180.27344     -2.70   180.27344     -2.10
 180.46875    37.70  180.46875   -39.30  180.46875     -2.00   180.46875     -1.80
 180.66406    40.30  180.66406   -40.20  180.66406     -2.00   180.66406     -1.90
 180.85938    40.50  180.85938   -40.50  180.85938     -2.30   180.85938     -2.30
 181.05469    38.80  181.05469   -41.00  181.05469     -3.00   181.05469     -1.90
 181.25000    36.20  181.25000   -41.10  181.25000     -3.40   181.25000     -2.80
 181.44531    33.20  181.44531   -40.80  181.44531     -3.10   181.44531     -2.60
 181.64062    31.50  181.64062   -40.90  181.64062     -3.50   181.64062     -3.10
 181.83594    29.10  181.83594   -40.60  181.83594     -3.50   181.83594     -2.80
 182.03125    27.70  182.03125   -40.90  182.03125     -4.00   182.03125     -2.80
 182.22656    26.60  182.22656   -40.90  182.22656     -3.30   182.22656     -2.60
 182.42188    25.80  182.42188   -41.60  182.42188     -2.60   182.42188     -2.90
 182.61719    24.40  182.61719   -41.40  182.61719     -2.40   182.61719     -2.10
 182.81250    23.30  182.81250   -41.60  182.81250     -2.50   182.81250     -2.80
 183.00781    21.70  183.00781   -42.40  183.00781     -1.40   183.00781     -3.20
 183.20312    19.00  183.20312   -43.00  183.20312     -1.80   183.20312     -2.90
 183.39844    18.30  183.39844   -43.70  183.39844     -2.10   183.39844     -2.80
 183.59375    17.80  183.59375   -43.10  183.59375     -2.70   183.59375     -3.00
 183.78906    18.90  183.78906   -43.40  183.78906     -3.00   183.78906     -2.60
 183.98438    20.60  183.98438   -43.30  183.98438     -3.00   183.98438     -2.40
 184.17969    22.70  184.17969   -42.30  184.17969     -3.30   184.17969     -3.20
 184.37500    25.00  184.37500   -38.70  184.37500     -2.20   184.37500     -3.50
 184.57031    29.40  184.57031   -23.30  184.57031     -2.80   184.57031     -2.80
 184.76562    32.40  184.76562    -8.20  184.76562     -2.80   184.76562     -1.00
 184.96094    34.00  184.96094    22.10  184.96094     -2.70   184.96094     -2.60
 185.15625    32.70  185.15625    33.60  185.15625     -3.00   185.15625     -2.00
 185.35156    20.90  185.35156    54.50  185.35156     -3.30   185.35156     -2.90
 185.54688    11.80  185.54688    62.00  185.54688     -2.70   185.54688     -2.70
 185.74219    -2.70  185.74219    69.80  185.74219     -1.90   185.74219     -1.30
 185.93750    -9.50  185.93750    69.50  185.93750     -2.40   185.93750     -1.40
 186.13281   -19.80  186.13281    58.50  186.13281     -2.50   186.13281     -2.30
 186.32812   -25.60  186.32812    49.40  186.32812     -2.80   186.32812     -2.80
 186.52344   -34.90  186.52344    32.70  186.52344     -2.20   186.52344     -2.70
 186.71875   -38.40  186.71875    26.40  186.71875     -3.00   186.71875     -2.80
 186.91406   -34.80  186.91406    23.90  186.91406     -2.10   186.91406     -2.00
 187.10938   -27.90  187.10938    23.30  187.10938     -3.40   187.10938     -2.50
 187.30469   -18.10  187.30469    23.10  187.30469     -2.20   187.30469     -2.40
 187.50000   -15.50  187.50000    22.60  187.50000     -2.10   187.50000     -1.70
 187.69531   -12.60  187.69531    20.50  187.69531     -3.10   187.69531     -2.50
 187.89062   -16.50  187.89062    20.30  187.89062     -2.90   187.89062     -2.70
 188.08594   -21.90  188.08594    19.50  188.08594     -3.20   188.08594     -2.90
 188.28125   -25.60  188.28125    19.70  188.28125     -3.50   188.28125     -3.60
 188.47656   -30.50  188.47656    19.40  188.47656     -2.40   188.47656     -3.10
 188.67188   -31.40  188.67188    20.00  188.67188     -2.70   188.67188     -3.20
 188.86719   -32.60  188.86719    20.70  188.86719     -3.00   188.86719     -2.90
 189.06250   -32.70  189.06250    20.50  189.06250     -2.80   189.06250     -1.90
 189.25781   -33.70  189.25781    20.40  189.25781     -2.50   189.25781     -1.70
 189.45312   -35.10  189.45312    19.00  189.45312     -3.50   189.45312     -2.20
 189.64844   -34.70  189.64844    17.30  189.64844     -3.60   189.64844     -2.40
 189.84375   -35.30  189.84375    17.30  189.84375     -3.60   189.84375     -1.50
 190.03906   -37.00  190.03906    16.10  190.03906     -3.80   190.03906     -2.60
 190.23438   -36.70  190.23438    14.30  190.23438     -2.20   190.23438     -2.60
 190.42969   -36.90  190.42969    12.40  190.42969     -2.70   190.42969     -3.10
 190.62500   -36.00  190.62500    11.90  190.62500     -2.00   190.62500     -3.00
 190.82031   -35.90  190.82031    11.20  190.82031     -2.20   190.82031     -3.60
 191.01562   -36.20  191.01562    12.40  191.01562     -2.30   191.01562     -1.80
 191.21094   -36.70  191.21094    17.30  191.21094     -2.10   191.21094     -1.70
 191.40625   -37.20  191.40625    20.90  191.40625     -2.70   191.40625     -1.80
 191.60156   -37.60  191.60156    28.20  191.60156     -3.20   191.60156     -1.10
 191.79688   -37.80  191.79688    31.40  191.79688     -3.20   191.79688     -1.90
 191.99219   -37.30  191.99219    35.30  191.99219     -3.40   191.99219     -2.00
 192.18750   -37.00  192.18750    36.10  192.18750     -3.20   192.18750     -2.80
 192.38281   -37.80  192.38281    36.30  192.38281     -2.20   192.38281     -2.80
 192.57812   -38.20  192.57812    35.20  192.57812     -1.80   192.57812     -2.60
 192.77344   -39.70  192.77344    33.50  192.77344     -1.80   192.77344     -2.00
 192.96875   -40.80  192.96875    31.50  192.96875     -2.70   192.96875     -2.20
 193.16406   -41.30  193.16406    29.80  193.16406     -2.70   193.16406     -2.60
 193.35938   -40.90  193.35938    28.30  193.35938     -3.00   193.35938     -2.70
 193.55469   -41.50  193.55469    26.30  193.55469     -3.20   193.55469     -2.30
 193.75000   -41.40  193.75000    25.70  193.75000     -3.70   193.75000     -2.20
 193.94531   -42.00  193.94531    23.40  193.94531     -3.10   193.94531     -3.00
 194.14062   -42.00  194.14062    22.50  194.14062     -3.10   194.14062     -3.70
 194.33594   -42.30  194.33594    21.20  194.33594     -2.80   194.33594     -2.70
 194.53125   -43.40  194.53125    20.30  194.53125     -2.50   194.53125     -1.90
 194.72656   -43.40  194.72656    19.10  194.72656     -3.10   194.72656     -1.70
 194.92188   -43.20  194.92188    19.60  194.92188     -2.40   194.92188     -1.80
 195.11719   -43.30  195.11719    20.30  195.11719     -1.60   195.11719     -1.50
 195.31250   -42.70  195.31250    21.00  195.31250     -2.30   195.31250     -1.70
 195.50781   -42.60  195.50781    23.20  195.50781     -1.90   195.50781     -1.80
 195.70312   -43.30  195.70312    25.80  195.70312     -2.40   195.70312     -2.00
 195.89844   -44.00  195.89844    29.30  195.89844     -2.10   195.89844     -1.50
 196.09375   -44.60  196.09375    31.30  196.09375     -2.70   196.09375     -2.40
 196.28906   -44.10  196.28906    34.80  196.28906     -3.00   196.28906     -2.20
 196.48438   -44.00  196.48438    36.10  196.48438     -2.90   196.48438     -2.90
 196.67969   -44.20  196.67969    35.10  196.67969     -3.10   196.67969     -2.60
 196.87500   -44.40  196.87500    32.10  196.87500     -3.50   196.87500     -2.50
 197.07031   -44.80  197.07031    17.90  197.07031     -3.80   197.07031     -2.80
 197.26562   -44.40  197.26562     5.30  197.26562     -3.40   197.26562     -3.30
 197.46094   -40.30  197.46094    -5.80  197.46094     -2.70   197.46094     -3.00
 197.65625   -32.50  197.65625    -9.80  197.65625     -3.20   197.65625     -2.60
 197.85156   -10.70  197.85156   -17.40  197.85156     -1.60   197.85156     -2.60
 198.04688     6.60  198.04688   -23.20  198.04688     -2.70   198.04688     -2.40
 198.24219    30.70  198.24219   -30.90  198.24219     -2.60   198.24219     -2.90
 198.43750    47.60  198.43750   -34.60  198.43750     -1.80   198.43750     -2.20
 198.63281    66.40  198.63281   -34.40  198.63281     -2.10   198.63281     -3.00
 198.82812    75.30  198.82812   -29.00  198.82812     -2.40   198.82812     -2.40
 199.02344    76.10  199.02344   -18.10  199.02344     -2.80   199.02344     -2.90
 199.21875    70.30  199.21875   -13.00  199.21875     -2.50   199.21875     -2.70
 199.41406    52.00  199.41406   -11.70  199.41406     -3.30   199.41406     -2.20
 199.60938    38.10  199.60938   -16.70  199.60938     -3.10   199.60938     -2.50
 199.80469    25.20  199.80469   -26.80  199.80469     -3.60   199.80469     -3.00
