-1587
-1900
-1594
-1734
-1593
-1862
-1642
-1684
-1677
-1743
-1729
-1858
-1673
-1793
-1583
-1832
-1663
-1864
-1624
-1791
-1607
-1739
-1624
-1810
-1617
-1836
-1574
-1796
-1652
-1811
-1688
-1762
-1566
-1893
-1610
-1789
-1709
-1820
-1708
-1861
-1747
-1781
-1671
-1718
-1521
-1765
-1692
-1828
-1625
-1771
-1624
-1849
-1628
-1843
-1663
-1879
-1706
-1776
-1602
-1713
-1577
-1833
-1643
-1844
-1655
-1786
-1651
-1855
-1755
-1792
-1693
-1701
-1654
-1759
-1690
-1753
-1708
-1807
-1667
-1848
-1594
-1822
-1635
-1773
-1605
-1793
-1588
-1803
-1740
-1865
-1601
-1813
-1671
-1705
-1649
-1810
-1645
-1828
-1762
-1770
-1638
-1744
-1688
-1747
-1709
-1870
-1705
-1784
-1732
-1804
-1591
-1812
-1649
-1833
-1594
-1863
-1688
-1853
-1660
-1809
-1613
-1845
-1573
-1790
-1718
-1753
-1643
-1743
-1686
-1762
-1627
-1762
-1634
-1817
-1527
-1736
-1712
-1715
-1666
-1785
-1690
-1720
-1619
-1750
-1651
-1777
-1692
-1780
-1587
-1760
-1671
-1726
-1599
-1807
-1642
-1760
-1701
-1763
-1689
-1848
-1616
-1742
-1708
-1797
-1660
-1787
-1649
-1681
-1555
-1880
-1626
-1757
-1627
-1779
-1671
-1776
-1656
-1840
-1776
-1887
-1562
-1771
-1710
-1790
-1658
-1848
-1680
-1717
-1674
-1785
-1661
-1771
-1757
-1827
-1708
-1693
-1600
-1832
-1662
-1621
-1671
-1829
-1657
-1801
-1586
-1773
-1673
-1773
-1736
-1801
-1622
-1763
-1740
-1773
-1674
-1740
-1511
-1759
-1718
-1829
-1697
-1752
-1692
-1715
-1595
-1757
-1694
-1836
-1694
-1798
-1654
-1760
-1647
-1858
-1665
-1902
-1682
-1760
-1602
-1832
-1740
-1777
-1641
-1823
-1695
-1815
-1535
-1828
-1641
-1760
-1738
-1717
-1704
-1805
-1734
-1745
-1642
-1771
-1679
-1814
-1643
-1821
-1600
-1757
-1709
-1788
-1608
-1698
-1690
-1808
-1663
-1640
-1641
-1878
-1656
-1784
-1688
-1825
-1670
-1730
-1669
-1862
-1608
-1759
-1683
-1851
-1668
-1819
-1713
-1828
-1708
-1917
-1680
-1797
-1710
-1811
-1621
-1849
-1659
-1754
-1688
-1787
-1682
-1720
-1617
-1762
-1643
-1814
-1689
-1798
-1662
-1774
-1736
-1802
-1629
-1835
-1731
-1848
-1642
-1890
-1770
-1832
-1654
-1900
-1668
-1861
-1723
-1774
-1676
-1845
-1710
-1718
-1715
-1901
-1634
-1706
-1646
-1906
-1750
-1847
-1782
-1834
-1611
-1795
-1708
-1889
-1641
-1837
-1629
-1788
-1649
-1827
-1690
-1817
-1717
-1728
-1655
-1842
-1736
-1900
-1709
-1858
-1632
-1878
-1739
-1772
-1771
-1849
-1606
-1677
-1614
-1865
-1583
-1900
-1678
-1861
-1616
-1897
-1672
-1762
-1738
-1858
-1739
-1787
-1638
-1831
-1610
-1834
-1638
-1873
-1628
-1826
-1547
-1798
-1623
-1839
-1626
-1837
-1628
-1808
-1575
-1856
-1700
-1798
-1607
-1818
-1697
-1890
-1745
-1735
-1638
-1779
-1637
-1816
-1762
-1748
-1685
-1879
-1616
-1793
-1737
-1773
-1678
-1807
-1699
-1706
-1546
-1641
-1723
-1751
-1684
-1847
-1702
-1793
-1654
-1819
-1566
-1863
-1651
-1834
-1692
-1848
-1674
-1776
-1679
-1848
-1724
-1770
-1673
-1814
-1723
-1836
-1637
-1904
-1582
-1798
-1637
-1775
-1681
-1867
-1631
-1885
-1616
-1743
-1649
-1817
-1710
-1786
-1667
-1916
-1588
-1797
-1583
-1789
-1659
-1831
-1516
-1764
-1610
-1825
-1607
-1803
-1756
-1944
-1716
-1867
-1634
-1852
-1785
-1677
-1718
-1654
-1680
-1677
-1656
-1670
-1632
-1720
-1712
-1610
-1649
-1605
-1664
-1736
-1743
-1614
-1624
-1666
-1563
-1663
-1668
-1596
-1715
-1651
-1652
-1616
-1563
-1706
-1666
-1670
-1640
-1719
-1672
-1670
-1556
-1718
-1654
-1729
-1621
-1642
-1602
-1626
-1634
-1679
-1567
-1707
-1701
-1572
-1757
-1653
-1566
-1606
-1697
-1732
-1634
-1659
-1663
-1719
-1558
-1732
-1713
-1692
-1721
-1745
-1585
-1665
-1561
-1589
-1716
-1676
-1629
-1659
-1578
-1638
-1693
-1660
-1663
-1667
-1744
-1710
-1687
-1679
-1621
-1635
-1701
-1634
-1638
-1657
-1757
-1550
-1613
-1629
-1676
-1758
-1697
-1674
-1624
-1702
-1716
-1713
-1660
-1723
-1706
-1759
-1645
-1692
-1696
-1638
-1740
-1790
-1674
-1724
-1698
-1713
-1623
-1658
-1618
-1602
-1735
-1843
-1684
-1647
-1699
-1652
-1626
-1554
-1699
-1623
-1666
-1726
-1743
-1646
-1671
-1704
-1707
-1675
-1722
-1623
-1581
-1649
-1719
-1715
-1628
-1639
-1655
-1704
-1609
-1574
-1679
-1604
-1664
-1585
-1675
-1633
-1637
-1676
-1662
-1634
-1632
-1661
-1676
-1690
-1734
-1533
-1731
-1585
-1616
-1620
-1650
-1678
-1660
-1743
-1679
-1751
-1656
-1684
-1701
-1626
-1604
-1583
-1623
-1690
-1546
-1679
-1635
-1797
-1673
-1655
-1679
-1712
-1755
-1693
-1665
-1711
-1661
-1704
-1668
-1623
-1701
-1603
-1660
-1643
-1651
-1634
-1684
-1761
-1509
-1699
-1662
-1704
-1670
-1612
-1692
-1676
-1666
-1595
-1709
-1607
-1603
-1702
-1749
-1691
-1644
-1561
-1751
-1629
-1548
-1723
-1764
-1648
-1690
-1648
-1706
-1679
-1677
-1594
-1686
-1659
-1601
-1600
-1710
-1646
-1749
-1658
-1655
-1804
-1655
-1646
-1648
-1716
-1710
-1632
-1701
-1723
-1645
-1680
-1710
-1657
-1621
-1564
-1627
-1669
-1724
-1642
-1712
-1731
-1646
-1624
-1671
-1663
-1710
-1685
-1607
-1670
-1698
-1704
-1635
-1655
-1619
-1710
-1690
-1685
-1594
-1673
-1751
-1557
-1743
-1658
-1648
-1710
-1619
-1596
-1679
-1729
-1621
-1622
-1687
-1667
-1678
-1702
-1695
-1713
-1621
-1693
-1571
-1643
-1637
-1693
-1673
-1693
-1684
-1669
-1638
-1601
-1660
-1671
-1661
-1587
-1567
-1630
-1682
-1643
-1550
-1629
-1676
-1604
-1724
-1544
-1714
-1627
-1521
-1655
-1720
-1682
-1643
-1690
-1593
-1646
-1650
-1704
-1649
-1662
-1508
-1671
-1709
-1667
-1629
-1615
-1710
-1563
-1677
-1693
-1656
-1646
-1630
-1554
-1641
-1684
-1633
-1641
-1701
-1691
-1598
-1628
-1621
-1583
-1618
-1737
-1609
-1612
-1673
-1629
-1712
-1659
-1727
-1643
-1624
-1651
-1645
-1670
-1715
-1660
-1696
-1646
-1699
-1693
-1591
-1609
-1696
-1608
-1510
-1530
-1617
-1706
-1587
-1688
-1653
-1713
-1712
-1628
-1647
-1766
-1637
-1541
-1685
-1587
-1617
-1637
-1604
-1626
-1625
-1602
-1687
-1610
-1660
-1662
-1649
-1661
-1647
-1667
-1699
-1549
-1703
-1674
-1623
-1668
-1625
-1665
-1618
-1686
-1722
-1608
-1623
-1630
-1698
-1593
-1713
-1685
-1626
-1620
-1591
-1709
-1643
-1649
-1563
-1714
-1696
-1639
-1693
-1677
-1583
-1629
-1619
-1720
-1638
-1659
-1666
-1633
-1657
-1594
-1713
-1593
-1718
-1674
-1583
-1709
-1573
-1655
-1604
-1672
-1528
-1674
-1612
-1607
-1646
-1667
-1640
-1682
-1724
-1698
-1597
-1719
-1701
-1671
-1637
-1609
-1516
-1645
-1594
-1735
-1659
-1659
-1627
-1739
-1629
-1695
-1561
-1599
-1654
-1635
-1663
-1529
-1549
-1669
-1624
-1543
-1740
-1671
-1634
-1680
-1680
-1817
-1599
-1866
-1654
-1845
-1605
-1835
-1619
-1754
-1587
-1811
-1583
-1800
-1779
-1767
-1599
-1707
-1522
-1794
-1685
-1815
-1677
-1712
