-1763
-1705
-1607
-1740
-1598
-1676
-1629
-1703
-1550
-1701
-1640
-1626
-1663
-1692
-1660
-1709
-1745
-1727
-1620
-1747
-1720
-1696
-1661
-1640
-1543
-1675
-1630
-1767
-1687
-1685
-1659
-1762
-1651
-1723
-1582
-1626
-1670
-1660
-1690
-1559
-1580
-1692
-1653
-1566
-1749
-1687
-1657
-1699
-1695
-1836
-1623
-1877
-1677
-1872
-1641
-1861
-1652
-1793
-1619
-1834
-1614
-1825
-1808
-1801
-1624
-1726
-1543
-1805
-1695
-1831
-1680
-1728
-1613
-1926
-1615
-1762
-1611
-1887
-1667
-1711
-1696
-1764
-1749
-1884
-1693
-1817
-1604
-1856
-1693
-1891
-1648
-1818
-1631
-1759
-1648
-1840
-1643
-1861
-1594
-1822
-1672
-1837
-1707
-1785
-1586
-1913
-1633
-1819
-1730
-1847
-1733
-1882
-1772
-1804
-1690
-1740
-1550
-1787
-1719
-1850
-1651
-1786
-1651
-1866
-1657
-1865
-1693
-1887
-1728
-1796
-1630
-1737
-1599
-1861
-1671
-1869
-1683
-1807
-1674
-1881
-1780
-1817
-1718
-1724
-1676
-1790
-1715
-1781
-1729
-1830
-1688
-1868
-1619
-1844
-1660
-1797
-1626
-1816
-1605
-1828
-1760
-1887
-1622
-1837
-1695
-1718
-1671
-1829
-1669
-1844
-1785
-1792
-1670
-1766
-1713
-1765
-1729
-1894
-1724
-1806
-1752
-1833
-1616
-1837
-1672
-1856
-1623
-1887
-1710
-1874
-1688
-1839
-1638
-1872
-1593
-1816
-1741
-1765
-1666
-1764
-1714
-1782
-1653
-1785
-1658
-1842
-1555
-1766
-1732
-1730
-1685
-1810
-1710
-1739
-1646
-1772
-1671
-1799
-1717
-1806
-1609
-1779
-1692
-1752
-1624
-1832
-1672
-1787
-1719
-1785
-1715
-1867
-1635
-1765
-1732
-1825
-1682
-1808
-1678
-1704
-1579
-1903
-1644
-1778
-1653
-1804
-1697
-1796
-1677
-1865
-1789
-1906
-1584
-1794
-1732
-1812
-1674
-1869
-1707
-1738
-1698
-1804
-1687
-1792
-1783
-1853
-1733
-1715
-1623
-1854
-1685
-1646
-1692
-1861
-1673
-1823
-1607
-1797
-1693
-1789
-1752
-1836
-1637
-1784
-1760
-1798
-1695
-1762
-1536
-1784
-1745
-1857
-1718
-1771
-1724
-1744
-1624
-1782
-1716
-1853
-1714
-1820
-1671
-1782
-1671
-1884
-1691
-1903
-1696
-1779
-1632
-1854
-1765
-1805
-1658
-1852
-1731
-1850
-1572
-1861
-1666
-1795
-1770
-1756
-1740
-1835
-1764
-1781
-1673
-1804
-1707
-1852
-1668
-1853
-1627
-1789
-1740
-1828
-1627
-1729
-1723
-1842
-1697
-1668
-1672
-1912
-1685
-1814
-1719
-1849
-1702
-1755
-1696
-1894
-1642
-1794
-1715
-1881
-1698
-1853
-1745
-1858
-1731
-1945
-1709
-1828
-1743
-1836
-1648
-1883
-1687
-1781
-1710
-1806
-1707
-1745
-1654
-1793
-1663
-1843
-1704
-1809
-1684
-1794
-1754
-1818
-1654
-1851
-1751
-1867
-1659
-1911
-1784
-1854
-1668
-1915
-1692
-1884
-1740
-1790
-1690
-1871
-1729
-1743
-1731
-1922
-1655
-1732
-1665
-1929
-1766
-1865
-1796
-1858
-1626
-1818
-1730
-1907
-1660
-1859
-1648
-1811
-1668
-1845
-1714
-1842
-1740
-1753
-1674
-1866
-1757
-1924
-1731
-1880
-1660
-1897
-1752
-1796
-1790
-1869
-1625
-1697
-1624
-1885
-1602
-1919
-1692
-1883
-1639
-1917
-1694
-1788
-1765
-1884
-1759
-1803
-1660
-1850
-1634
-1854
-1658
-1892
-1652
-1842
-1566
-1821
-1645
-1864
-1632
-1867
-1660
-1831
-1601
-1881
-1723
-1826
-1621
-1837
-1709
-1913
-1761
-1747
-1657
-1804
-1659
-1839
-1776
-1771
-1707
-1901
-1641
-1804
-1757
-1793
-1697
-1831
-1724
-1734
-1565
-1653
-1743
-1770
-1704
-1870
-1726
-1818
-1681
-1844
-1593
-1883
-1679
-1859
-1716
-1873
-1702
-1798
-1705
-1864
-1749
-1793
-1695
-1845
-1743
-1864
-1659
-1928
-1600
-1818
-1654
-1800
-1704
-1891
-1651
-1909
-1636
-1769
-1673
-1839
-1734
-1814
-1692
-1945
-1605
-1822
-1602
-1818
-1685
-1850
-1545
-1793
-1639
-1847
-1637
-1825
-1775
-1970
-1742
-1901
-1681
-1877
-1810
-1693
-1743
-1699
-1717
-1699
-1676
-1688
-1654
-1743
-1732
-1630
-1674
-1633
-1690
-1751
-1766
-1637
-1644
-1693
-1589
-1688
-1688
-1617
-1738
-1673
-1669
-1639
-1588
-1732
-1690
-1690
-1655
-1745
-1696
-1694
-1579
-1741
-1683
-1759
-1644
-1659
-1627
-1643
-1652
-1704
-1593
-1727
-1723
-1593
-1778
-1675
-1590
-1629
-1715
-1748
-1651
-1681
-1686
-1741
-1582
-1756
-1735
-1716
-1743
-1766
-1616
-1690
-1580
-1610
-1741
-1702
-1651
-1683
-1597
-1664
-1715
-1685
-1688
-1688
-1765
-1738
-1704
-1696
-1641
-1657
-1723
-1655
-1670
-1683
-1778
-1576
-1631
-1651
-1695
-1784
-1710
-1695
-1640
-1730
-1735
-1735
-1685
-1748
-1728
-1784
-1668
-1713
-1720
-1659
-1760
-1813
-1696
-1747
-1720
-1739
-1650
-1676
-1648
-1628
-1755
-1864
-1704
-1666
-1715
-1670
-1656
-1575
-1724
-1646
-1690
-1754
-1773
-1674
-1695
-1729
-1726
-1696
-1737
-1651
-1604
-1664
-1746
-1731
-1645
-1659
-1682
-1724
-1626
-1601
-1697
-1625
-1687
-1616
-1696
-1658
-1659
-1689
-1684
-1657
-1655
-1679
-1704
-1715
-1757
-1558
-1757
-1605
-1635
-1641
-1676
-1702
-1670
-1770
-1700
-1781
-1684
-1706
-1723
-1651
-1621
-1604
-1643
-1711
-1566
-1707
-1657
-1818
-1699
-1676
-1702
-1735
-1774
-1712
-1693
-1742
-1685
-1734
-1693
-1645
-1723
-1626
-1685
-1666
-1674
-1655
-1700
-1789
-1529
-1731
-1689
-1730
-1695
-1637
-1715
-1698
-1685
-1620
-1732
-1629
-1628
-1728
-1770
-1721
-1663
-1582
-1767
-1653
-1569
-1741
-1786
-1671
-1717
-1673
-1729
-1692
-1703
-1620
-1715
-1687
-1621
-1605
-1731
-1669
-1769
-1681
-1671
-1836
-1684
-1666
-1670
-1732
-1729
-1629
-1682
-1746
-1662
-1698
-1737
-1684
-1645
-1593
-1649
-1696
-1756
-1663
-1740
-1748
-1668
-1652
-1693
-1687
-1739
-1706
-1629
-1693
-1720
-1726
-1652
-1681
-1644
-1737
-1707
-1706
-1616
-1693
-1772
-1577
-1765
-1685
-1673
-1730
-1645
-1626
-1706
-1745
-1648
-1646
-1708
-1691
-1696
-1725
-1717
-1746
-1646
-1718
-1594
-1671
-1655
-1721
-1698
-1719
-1707
-1693
-1660
-1622
-1681
-1692
-1676
-1609
-1588
-1658
-1707
-1666
-1580
-1655
-1699
-1627
-1747
-1566
-1740
-1648
-1543
-1679
-1740
-1702
-1668
-1714
-1611
-1673
-1673
-1726
-1674
-1690
-1525
-1693
-1732
-1692
-1652
-1633
-1734
-1588
-1697
-1714
-1677
-1668
-1649
-1573
-1666
-1699
-1656
-1662
-1721
-1713
-1624
-1659
-1642
-1608
-1643
-1759
-1640
-1635
-1695
-1648
-1731
-1686
-1749
-1662
-1649
-1681
-1659
-1694
-1734
-1684
-1722
-1676
-1717
-1718
-1609
-1635
-1717
-1626
-1533
-1560
-1640
-1734
-1610
-1720
-1677
-1745
-1734
-1655
-1669
-1788
-1655
-1567
-1710
-1605
-1641
-1660
-1626
-1646
-1648
-1617
-1709
-1638
-1684
-1681
-1668
-1689
-1672
-1688
-1722
-1572
-1721
-1706
-1645
-1689
-1649
-1687
-1645
-1707
-1743
-1640
-1652
-1653
-1722
-1616
-1745
-1711
-1652
-1651
-1626
-1737
-1663
-1674
-1588
-1731
-1715
-1651
-1705
-1688
-1595
-1638
-1638
-1738
-1654
-1684
-1687
-1660
-1674
-1630
-1754
-1632
